(0)sqrtts (1)l_peak (2)b_peak (3)dist (4)exp[cm2 s] (5)exp[cm2] (6)time_mjd (7)time_tt (8)time_utc (9)flux*10^-8 (10)flux_err*10^-8 (11)flux_ul*10^-8 (12)counts (13)counts_err (14)spectral_index (15)spectral_index_err (16)l (17)b (18)distellipse (19)r (20)ella (21)ellb (22)ellphi (23)ap[#] (24)id_detection (25)gal (26)iso (27)fit_fcn0 (28)fit_fcn1 (29)exp_ratio
183.6 5.5
6.76333 184.527 -5.83155 0 1.25944e+07 145.76851851852 54313.5000/54314.5000 113054400/113140800 2007-08-01T12:01:05/2007-08-02T12:01:05 216.677 50.4441 328.332 135 9.14334 2.28845 0 -1 -1 -1 -1 -1 -1 -1 #499508_113054400_113140800_757501_135# 1385927 0.467 5.456 319.808 296.937 0
5.74555 184.527 -5.83155 0 1.44191e+07 166.88773148148 54324.5000/54325.5000 114004800/114091200 2007-08-12T12:01:05/2007-08-13T12:01:05 160.396 41.8513 253.627 162 8.68486 2.28845 0 -1 -1 -1 -1 -1 -1 -1 #499557_114004800_114091200_876788_162# 1386025 0.608 5.348 361.744 345.239 0
4.67002 184.527 -5.83155 0 1.54195e+07 178.46643518519 54334.5000/54335.5000 114868800/114955200 2007-08-22T12:01:05/2007-08-23T12:01:05 128.458 39.3721 216.791 206 8.73726 2.28845 0 -1 -1 -1 -1 -1 -1 -1 #499545_114868800_114955200_938611_206# 1386010 0.406 8.915 400.329 389.425 0
1.02971 184.527 -5.83155 0 9.60671e+06 111.18877314815 54350.5000/54351.5000 116251200/116337600 2007-09-07T12:01:05/2007-09-08T12:01:05 53.1414 56.6133 183.966 136 7.82727 2.28845 0 -1 -1 -1 -1 -1 -1 -1 #499552_116251200_116337600_581387_136# 1386020 0.005 14.428 315.959 315.429 9.16121
2.62059 184.527 -5.83155 0 9.68802e+06 112.12986111111 54351.5000/54352.5000 116337600/116424000 2007-09-08T12:01:05/2007-09-09T12:01:05 137.294 63.1392 278.983 146 8.80341 2.28845 0 -1 -1 -1 -1 -1 -1 -1 #499515_116337600_116424000_582745_146# 1385965 0.005 14.428 327.306 323.872 8.62582
4.88963 184.527 -5.83155 0 9.81565e+06 113.60706018519 54352.5000/54353.5000 116424000/116510400 2007-09-09T12:01:05/2007-09-10T12:01:05 238.994 67.2093 387.645 150 9.49436 2.28845 0 -1 -1 -1 -1 -1 -1 -1 #499564_116424000_116510400_595952_150# 1386037 0.005 14.428 340.397 328.443 8.14991
4.69532 184.527 -5.83155 0 1.43416e+07 165.99074074074 54356.5000/54357.5000 116769600/116856000 2007-09-13T12:01:05/2007-09-14T12:01:05 152.813 44.6787 252.209 210 9.22179 2.28845 0 -1 -1 -1 -1 -1 -1 -1 #499553_116769600_116856000_868180_210# 1386021 0.179 12.888 408.227 397.204 0
11.0973 184.527 -5.83155 0 1.68204e+07 194.68055555556 54370.5000/54371.5000 117979200/118065600 2007-09-27T12:01:05/2007-09-28T12:01:05 323.914 49.7629 431.061 269 12.0465 2.28845 0 -1 -1 -1 -1 -1 -1 -1 #499534_117979200_118065600_1.02808e+06_269# 1385995 0.301 9.776 496.25 434.675 0
8.34232 184.527 -5.83155 0 1.83983e+07 212.94328703704 54371.5000/54372.5000 118065600/118152000 2007-09-28T12:01:05/2007-09-29T12:01:05 231.397 42.3723 323.161 265 11.2196 2.28845 0 -1 -1 -1 -1 -1 -1 -1 #499538_118065600_118152000_1.13666e+06_265# 1386002 0.301 9.776 487.736 452.938 0
6.71864 184.527 -5.83155 0 1.80203e+07 208.56828703704 54372.5000/54373.5000 118152000/118238400 2007-09-29T12:01:05/2007-09-30T12:01:05 172.867 38.3993 257.18 249 9.95867 2.28845 0 -1 -1 -1 -1 -1 -1 -1 #499536_118152000_118238400_1.09727e+06_249# 1385998 0.301 9.776 446.29 423.72 0
8.50297 184.527 -5.83155 0 1.78415e+07 206.49884259259 54377.5000/54378.5000 118584000/118670400 2007-10-04T12:01:05/2007-10-05T12:01:05 239.72 43.6299 334.209 268 11.203 2.28845 0 -1 -1 -1 -1 -1 -1 -1 #499561_118584000_118670400_1.0892e+06_268# 1386029 0.437 9.513 482.619 446.469 0
10.549 184.527 -5.83155 0 1.75585e+07 203.22337962963 54378.5000/54379.5000 118670400/118756800 2007-10-05T12:01:05/2007-10-06T12:01:05 323.627 49.3958 429.722 303 12.4823 2.28845 0 -1 -1 -1 -1 -1 -1 -1 #499556_118670400_118756800_1.07568e+06_303# 1386024 0.437 9.513 519.063 463.422 0
11.644 184.527 -5.83155 0 1.77931e+07 205.93865740741 54379.5000/54380.5000 118756800/118843200 2007-10-06T12:01:05/2007-10-07T12:01:05 371.938 51.7917 482.534 305 13.2626 2.28845 0 -1 -1 -1 -1 -1 -1 -1 #499555_118756800_118843200_1.08599e+06_305# 1386023 0.437 9.513 529.296 461.505 0
15.6051 184.527 -5.83155 0 1.77506e+07 205.44675925926 54380.5000/54381.5000 118843200/118929600 2007-10-07T12:01:05/2007-10-08T12:01:05 498.94 56.7954 619.344 346 14.5092 2.28845 0 -1 -1 -1 -1 -1 -1 -1 #499549_118843200_118929600_1.08581e+06_346# 1386015 0.437 9.513 594.456 472.696 0
14.2576 184.527 -5.83155 0 1.75393e+07 203.00115740741 54381.5000/54382.5000 118929600/119016000 2007-10-08T12:01:05/2007-10-09T12:01:05 496.286 58.4981 620.194 340 14.7663 2.28845 0 -1 -1 -1 -1 -1 -1 -1 #499559_118929600_119016000_1.07053e+06_340# 1386027 0.437 9.513 587.698 486.059 0
9.605 184.527 -5.83155 0 1.73665e+07 201.00115740741 54382.5000/54383.5000 119016000/119102400 2007-10-09T12:01:05/2007-10-10T12:01:05 292.492 47.9575 395.787 288 11.9863 2.28845 0 -1 -1 -1 -1 -1 -1 -1 #499526_119016000_119102400_1.05704e+06_288# 1385983 0.437 9.513 483.3 437.172 0
12.4392 184.527 -5.83155 0 1.77678e+07 205.64583333333 54383.5000/54384.5000 119102400/119188800 2007-10-10T12:01:05/2007-10-11T12:01:05 363.286 49.5275 469.18 289 12.6648 2.28845 0 -1 -1 -1 -1 -1 -1 -1 #499528_119102400_119188800_1.08538e+06_289# 1385987 0.437 9.513 519.174 441.807 0
9.41968 184.527 -5.83155 0 1.68315e+07 194.80902777778 54385.5000/54386.5000 119275200/119361600 2007-10-12T12:01:05/2007-10-13T12:01:05 285.11 48.1197 389.049 270 11.6563 2.28845 0 -1 -1 -1 -1 -1 -1 -1 #499543_119275200_119361600_1.02832e+06_270# 1386008 0.753 7.139 466.775 422.41 0
5.27133 184.527 -5.83155 0 1.16997e+07 135.41319444444 54395.5000/54396.5000 120139200/120225600 2007-10-22T12:01:05/2007-10-23T12:01:05 208.63 55.9071 331.854 160 9.41367 2.28845 0 -1 -1 -1 -1 -1 -1 -1 #499520_120139200_120225600_715629_160# 1385973 0.478 7.899 353.043 339.15 0
2.2974 184.527 -5.83155 0 1.06951e+07 123.78587962963 54405.5000/54406.5000 121003200/121089600 2007-11-01T12:01:05/2007-11-02T12:01:05 76.6699 42.4191 176.346 10 6.52923 2.28845 0 -1 -1 -1 -1 -1 -1 -1 #499525_121075200_121089600_57752.8_10# 1385982 4.48843e-09 10.488 288.199 285.56 0
6.87481 184.527 -5.83155 0 1.70863e+07 197.75810185185 54555.5000/54556.5000 133963200/134049600 2008-03-30T12:01:05/2008-03-31T12:01:05 175.992 39.4942 262.923 223 9.71175 2.28845 0 -1 -1 -1 -1 -1 -1 -1 #499542_133963200_134049600_1.04254e+06_223# 1386007 0.175 9.976 432.852 409.221 0
2.72845 184.527 -5.83155 0 5.40162e+06 62.51875 54556.5000/54557.5000 134049600/134136000 2008-03-31T12:01:05/2008-04-01T12:01:05 152.99 74.6742 328.187 80 5.80512 2.28845 0 -1 -1 -1 -1 -1 -1 -1 #499522_134049600_134136000_330376_80# 1385976 0.175 9.976 225.858 222.136 0
7.16321 184.527 -5.83155 0 1.71981e+07 199.05208333333 54557.5000/54558.5000 134136000/134222400 2008-04-01T12:01:05/2008-04-02T12:01:05 181.617 39.4281 268.35 236 9.75899 2.28845 0 -1 -1 -1 -1 -1 -1 -1 #499510_134136000_134222400_1.053e+06_236# 1385951 0.175 9.976 448.822 423.166 0
5.51654 184.527 -5.83155 0 1.85079e+07 214.21180555556 54558.5000/54559.5000 134222400/134308800 2008-04-02T12:01:05/2008-04-03T12:01:05 122.676 32.2721 194.583 225 8.59612 2.28845 0 -1 -1 -1 -1 -1 -1 -1 #499523_134222400_134308800_1.12993e+06_225# 1385978 0.175 9.976 439.189 423.973 0
6.80371 184.527 -5.83155 0 1.8078e+07 209.23611111111 54559.5000/54560.5000 134308800/134395200 2008-04-03T12:01:05/2008-04-04T12:01:05 172.919 38.6287 257.73 243 10.0502 2.28845 0 -1 -1 -1 -1 -1 -1 -1 #499571_134308800_134395200_1.09809e+06_243# 1386048 0.175 9.976 444.826 421.681 0
4.48304 184.527 -5.83155 0 1.58932e+07 183.94907407407 54561.5000/54562.5000 134481600/134568000 2008-04-05T12:01:05/2008-04-06T12:01:05 118.837 37.9695 204.533 231 8.68487 2.28845 0 -1 -1 -1 -1 -1 -1 -1 #499558_134481600_134568000_972369_231# 1386026 0.677 8.028 428.823 418.774 0
7.32534 184.527 -5.83155 0 1.64943e+07 190.90625 54564.5000/54565.5000 134740800/134827200 2008-04-08T12:01:05/2008-04-09T12:01:05 200.808 41.8041 292.387 220 9.92363 2.28845 0 -1 -1 -1 -1 -1 -1 -1 #499537_134740800_134827200_1.00016e+06_220# 1385999 0.404 8.24 426.556 399.726 0
6.72393 184.527 -5.83155 0 1.65156e+07 191.15277777778 54565.5000/54566.5000 134827200/134913600 2008-04-09T12:01:05/2008-04-10T12:01:05 186.892 42.1609 279.581 228 10.0212 2.28845 0 -1 -1 -1 -1 -1 -1 -1 #499519_134827200_134913600_1.01108e+06_228# 1385971 0.404 8.24 440.942 418.336 0
3.15878 184.527 -5.83155 0 9.99041e+06 115.62974537037 54677.5000/54678.5000 144504000/144590400 2008-07-30T12:01:05/2008-07-31T12:01:05 144.782 58.5751 276.749 20.8168 8.42196 2.28845 0 -1 -1 -1 -1 -1 -1 -1 # 1385986 0.252 9.996 275.417 270.428 8.09042
3.54828 184.527 -5.83155 0 1.00546e+07 116.37268518519 54678.5000/54679.5000 144590400/144676800 2008-07-31T12:01:05/2008-08-01T12:01:05 167.777 60.0205 301.923 24.278 8.68522 2.28845 0 -1 -1 -1 -1 -1 -1 -1 # 1386031 0.252 9.996 288.893 282.597 5.53242
4.47543 184.527 -5.83155 0 1.10867e+07 128.31828703704 54679.5000/54680.5000 144676800/144763200 2008-08-01T12:01:05/2008-08-02T12:01:05 237.42 68.5981 387.704 37.8823 10.9454 2.28845 0 -1 -1 -1 -1 -1 -1 -1 # 1385964 0.252 9.996 367.016 357.001 3.0934
4.94437 184.527 -5.83155 0 1.16425e+07 134.75115740741 54680.5000/54681.5000 144763200/144849600 2008-08-02T12:01:05/2008-08-03T12:01:05 210.114 59.2977 341.31 35.206 9.93573 2.28845 0 -1 -1 -1 -1 -1 -1 -1 # 1386032 0.252 9.996 353.426 341.203 1.60619
5.25656 184.527 -5.83155 0 1.22564e+07 141.85648148148 54681.5000/54682.5000 144849600/144936000 2008-08-03T12:01:05/2008-08-04T12:01:05 245.94 63.0333 383.608 43.382 11.1186 2.28845 0 -1 -1 -1 -1 -1 -1 -1 # 1385985 0.252 9.996 385.615 371.799 0.594884
2.701 184.527 -5.83155 0 1.2902e+07 149.3287037037 54682.5000/54683.5000 144936000/145022400 2008-08-04T12:01:05/2008-08-05T12:01:05 92.1772 42.9528 190.359 17.1159 7.97568 2.28845 0 -1 -1 -1 -1 -1 -1 -1 # 1386035 0.252 9.996 315.917 312.269 0.0594884
3.7208 184.527 -5.83155 0 1.34073e+07 155.17708333333 54683.5000/54684.5000 145022400/145108800 2008-08-05T12:01:05/2008-08-06T12:01:05 146.514 51.1374 260.487 28.2708 9.8673 2.28845 0 -1 -1 -1 -1 -1 -1 -1 # 1386016 0.252 9.996 374.174 367.252 0
2.47954 184.527 -5.83155 0 1.37394e+07 159.02083333333 54684.5000/54685.5000 145108800/145195200 2008-08-06T12:01:05/2008-08-07T12:01:05 89.6415 44.8142 191.754 17.7254 8.86139 2.28845 0 -1 -1 -1 -1 -1 -1 -1 # 1385974 0.252 9.996 357.288 354.214 0
3.94786 184.527 -5.83155 0 1.42975e+07 165.48032407407 54685.5000/54686.5000 145195200/145281600 2008-08-07T12:01:05/2008-08-08T12:01:05 148.034 48.0784 254.481 30.4605 9.89296 2.28845 0 -1 -1 -1 -1 -1 -1 -1 # 1385988 0.252 9.996 363.447 355.654 0
2.90779 184.527 -5.83155 0 1.44013e+07 166.68171296296 54686.5000/54687.5000 145281600/145368000 2008-08-08T12:01:05/2008-08-09T12:01:05 98.035 43.2654 196.222 20.319 8.96728 2.28845 0 -1 -1 -1 -1 -1 -1 -1 # 1385994 0.252 9.996 373.987 369.759 0
4.84965 184.527 -5.83155 0 1.45353e+07 168.23263888889 54687.5000/54688.5000 145368000/145454400 2008-08-09T12:01:05/2008-08-10T12:01:05 172.071 48.5848 279.722 35.9955 10.1634 2.28845 0 -1 -1 -1 -1 -1 -1 -1 # 1385981 0.252 9.996 388.302 376.542 0
3.70877 184.527 -5.83155 0 1.483e+07 171.64351851852 54688.5000/54689.5000 145454400/145540800 2008-08-10T12:01:05/2008-08-11T12:01:05 128.317 44.6763 228.118 27.3869 9.53531 2.28845 0 -1 -1 -1 -1 -1 -1 -1 # 1386000 0.252 9.996 368.753 361.875 0
2.57475 184.527 -5.83155 0 1.50214e+07 173.8587962963 54689.5000/54690.5000 145540800/145627200 2008-08-11T12:01:05/2008-08-12T12:01:05 88.3089 41.9623 183.275 19.0911 9.07165 2.28845 0 -1 -1 -1 -1 -1 -1 -1 # 1386001 0.252 9.996 368.376 365.061 0
4.24836 184.527 -5.83155 0 1.54977e+07 179.37152777778 54690.5000/54691.5000 145627200/145713600 2008-08-12T12:01:05/2008-08-13T12:01:05 133.885 43.4405 231.65 29.8618 9.68902 2.28845 0 -1 -1 -1 -1 -1 -1 -1 # 1386033 0.252 9.996 412.994 403.97 0
2.59473 184.527 -5.83155 0 1.5747e+07 182.25694444444 54691.5000/54692.5000 145713600/145800000 2008-08-13T12:01:05/2008-08-14T12:01:05 81.2931 38.5365 168.697 18.4233 8.73347 2.28845 0 -1 -1 -1 -1 -1 -1 -1 # 1385954 0.252 9.996 358.393 355.027 0
4.08923 184.527 -5.83155 0 1.5474e+07 179.09722222222 54692.5000/54693.5000 145800000/145886400 2008-08-14T12:01:05/2008-08-15T12:01:05 149.778 47.9617 255.604 168 10.681 2.28845 0 -1 -1 -1 -1 -1 -1 -1 #499531_145821600_145886400_751337_168# 1385991 0.252 9.996 386.342 377.981 0
5.98756 184.527 -5.83155 0 1.60535e+07 185.80439814815 54709.5000/54710.5000 147268800/147355200 2008-08-31T12:01:05/2008-09-01T12:01:05 159.431 39.9749 248.145 213 9.23582 2.28845 0 -1 -1 -1 -1 -1 -1 -1 #499539_147268800_147355200_976358_213# 1386004 0.45 8.522 403.941 386.015 0
5.99601 184.527 -5.83155 0 1.66724e+07 192.96759259259 54710.5000/54711.5000 147355200/147441600 2008-09-01T12:01:05/2008-09-02T12:01:05 159.352 39.878 247.732 245 9.56861 2.28845 0 -1 -1 -1 -1 -1 -1 -1 #499518_147355200_147441600_1.01519e+06_245# 1385970 0.45 8.522 448.653 430.677 0
7.24031 184.527 -5.83155 0 1.79896e+07 208.21296296296 54711.5000/54712.5000 147441600/147528000 2008-09-02T12:01:05/2008-09-03T12:01:05 205.871 42.5954 298.725 263 11.0281 2.28845 0 -1 -1 -1 -1 -1 -1 -1 #499540_147441600_147528000_1.09347e+06_263# 1386006 0.45 8.522 463.794 437.583 0
5.86665 184.527 -5.83155 0 1.76724e+07 204.54166666667 54712.5000/54713.5000 147528000/147614400 2008-09-03T12:01:05/2008-09-04T12:01:05 151.719 37.5246 234.565 233 9.54398 2.28845 0 -1 -1 -1 -1 -1 -1 -1 #499513_147528000_147614400_1.0848e+06_233# 1385960 0.45 8.522 427.398 410.19 0
2.68362 184.527 -5.83155 0 1.78033e+07 206.05671296296 54713.5000/54714.5000 147614400/147700800 2008-09-04T12:01:05/2008-09-05T12:01:05 71.4222 33.5355 147.386 207 8.59253 2.28845 0 -1 -1 -1 -1 -1 -1 -1 #499514_147614400_147700800_1.07928e+06_207# 1385962 0.45 8.522 412.746 409.145 0
5.20898 184.527 -5.83155 0 1.78487e+07 206.58217592593 54714.5000/54715.5000 147700800/147787200 2008-09-05T12:01:05/2008-09-06T12:01:05 133.495 36.7522 215.18 236 9.44074 2.28845 0 -1 -1 -1 -1 -1 -1 -1 #499551_147700800_147787200_1.0853e+06_236# 1386019 0.45 8.522 428.345 414.778 0
6.10364 184.527 -5.83155 0 1.54093e+07 178.34837962963 54715.5000/54716.5000 147787200/147873600 2008-09-06T12:01:05/2008-09-07T12:01:05 178.005 43.5026 274.282 231 9.64752 2.28845 0 -1 -1 -1 -1 -1 -1 -1 #499547_147787200_147873600_934931_231# 1386012 0.45 8.522 419.563 400.936 0
4.46181 184.527 -5.83155 0 1.8276e+07 211.52777777778 54716.5000/54717.5000 147873600/147960000 2008-09-07T12:01:05/2008-09-08T12:01:05 114.177 34.2381 190.369 218 9.00552 2.28845 0 -1 -1 -1 -1 -1 -1 -1 #499517_147873600_147960000_1.10883e+06_218# 1385963 0.45 8.522 413.013 403.059 0
4.31864 184.527 -5.83155 0 1.82585e+07 211.32523148148 54717.5000/54718.5000 147960000/148046400 2008-09-08T12:01:05/2008-09-09T12:01:05 104.411 34.2407 181.608 245 8.99754 2.28845 0 -1 -1 -1 -1 -1 -1 -1 #499509_147960000_148046400_1.11233e+06_245# 1385947 0.45 8.522 440.628 431.303 0
2.05689 184.527 -5.83155 0 1.73292e+07 200.56944444444 54718.5000/54719.5000 148046400/148132800 2008-09-09T12:01:05/2008-09-10T12:01:05 53.2942 30.7818 123.987 211 7.67696 2.28845 0 -1 -1 -1 -1 -1 -1 -1 #499546_148046400_148132800_1.05503e+06_211# 1386011 0.45 8.522 409.913 407.798 0
6.57004 184.527 -5.83155 0 1.78379e+07 206.45717592593 54921.5000/54922.5000 165585600/165672000 2009-03-31T12:01:06/2009-04-01T12:01:06 187.565 41.7469 278.753 261 10.7173 2.28845 0 -1 -1 -1 -1 -1 -1 -1 #499511_165585600_165672000_1.08716e+06_261# 1385952 0.184 10.511 448.695 427.113 0
5.90603 184.527 -5.83155 0 1.86724e+07 216.11574074074 54922.5000/54923.5000 165672000/165758400 2009-04-01T12:01:06/2009-04-02T12:01:06 156.834 38.7889 242.216 281 10.4238 2.28845 0 -1 -1 -1 -1 -1 -1 -1 #499560_165672000_165758400_1.14374e+06_281# 1386028 0.184 10.511 474.624 457.184 0
6.12374 184.527 -5.83155 0 1.83247e+07 212.09143518519 54923.5000/54924.5000 165758400/165844800 2009-04-02T12:01:06/2009-04-03T12:01:06 151.119 36.031 230.569 229 9.50235 2.28845 0 -1 -1 -1 -1 -1 -1 -1 #499521_165758400_165844800_1.11617e+06_229# 1385975 0.184 10.511 432.517 413.767 0
5.05304 184.527 -5.83155 0 1.84318e+07 213.33101851852 54924.5000/54925.5000 165844800/165931200 2009-04-03T12:01:06/2009-04-04T12:01:06 131.61 35.998 211.213 258 9.54911 2.28845 0 -1 -1 -1 -1 -1 -1 -1 #499563_165844800_165931200_1.12807e+06_258# 1386034 0.184 10.511 445.577 432.811 0
6.36182 184.527 -5.83155 0 1.74247e+07 201.67476851852 54925.5000/54926.5000 165931200/166017600 2009-04-04T12:01:06/2009-04-05T12:01:06 157.032 37.8559 240.902 239 9.49326 2.28845 0 -1 -1 -1 -1 -1 -1 -1 #499541_165931200_166017600_1.05351e+06_239# 1386005 0.184 10.511 437.562 417.326 0
4.69084 184.527 -5.83155 0 1.83707e+07 212.62384259259 54926.5000/54927.5000 166017600/166104000 2009-04-05T12:01:06/2009-04-06T12:01:06 120.596 35.7834 200.137 234 9.4607 2.28845 0 -1 -1 -1 -1 -1 -1 -1 #499529_166017600_166104000_1.11937e+06_234# 1385990 0.184 10.511 432.192 421.19 0
4.27532 184.527 -5.83155 0 1.8319e+07 212.02546296296 54927.5000/54928.5000 166104000/166190400 2009-04-06T12:01:06/2009-04-07T12:01:06 99.4734 31.8978 171.096 230 8.40967 2.28845 0 -1 -1 -1 -1 -1 -1 -1 #499548_166104000_166190400_1.11285e+06_230# 1386013 0.184 10.511 423.344 414.205 0
6.01843 184.527 -5.83155 0 1.48258e+07 171.59490740741 55084.5000/55085.5000 179668800/179755200 2009-09-10T12:01:06/2009-09-11T12:01:06 172.767 43.1068 268.193 197 9.1977 2.28845 0 -1 -1 -1 -1 -1 -1 -1 #499535_179668800_179755200_903898_197# 1385997 0.419 7.65 396.45 378.34 0
1.82924 184.527 -5.83155 0 1.82831e+07 211.6099537037 55085.5000/55086.5000 179755200/179841600 2009-09-11T12:01:06/2009-09-12T12:01:06 32.8811 22.3879 86.7497 182 5.89087 2.28845 0 -1 -1 -1 -1 -1 -1 -1 #499550_179755200_179841600_1.11395e+06_182# 1386018 0.419 7.65 368.885 367.212 0
7.29711 184.527 -5.83155 0 1.87639e+07 217.17476851852 55087.5000/55088.5000 179928000/180014400 2009-09-13T12:01:06/2009-09-14T12:01:06 175.409 36.9004 256.354 226 9.96486 2.28845 0 -1 -1 -1 -1 -1 -1 -1 #499532_179928000_180014400_1.14416e+06_226# 1385992 0.247 8.711 431.52 404.896 0
4.53672 184.527 -5.83155 0 1.88898e+07 218.63194444444 55088.5000/55089.5000 180014400/180100800 2009-09-14T12:01:06/2009-09-15T12:01:06 107.839 33.4596 182.723 227 9.09629 2.28845 0 -1 -1 -1 -1 -1 -1 -1 #499530_180014400_180100800_1.14643e+06_227# 1385989 0.247 8.711 414.278 403.988 0
5.91414 184.527 -5.83155 0 1.86463e+07 215.81365740741 55089.5000/55090.5000 180100800/180187200 2009-09-15T12:01:06/2009-09-16T12:01:06 151.979 37.0501 233.517 238 9.94261 2.28845 0 -1 -1 -1 -1 -1 -1 -1 #499516_180100800_180187200_1.13326e+06_238# 1385966 0.247 8.711 438.284 420.795 0
