(0)sqrtts (1)l_peak (2)b_peak (3)dist (4)exp[cm2 s] (5)exp[cm2] (6)time_mjd (7)time_tt (8)time_utc (9)flux*10^-8 (10)flux_err*10^-8 (11)flux_ul*10^-8 (12)counts (13)counts_err (14)spectral_index (15)spectral_index_err (16)l (17)b (18)distellipse (19)r (20)ella (21)ellb (22)ellphi (23)ap[#] (24)id_detection (25)gal (26)iso (27)fit_fcn0 (28)fit_fcn1 (29)exp_ratio
75.1 2.4
12.1296 86.1236 -38.1824 0 5.7988e+07 167.78935185185 54409.5000/54413.5000 121348800/121694400 2007-11-05T12:01:05/2007-11-09T12:01:05 210.815 25.9721 265.518 150.555 18.5481 2.20942 0 -1 -1 -1 -1 -1 -1 -1 # 1349989 0.7 6.437 698.624 625.061 0
7.98922 86.1236 -38.1824 0 4.99919e+07 144.65248842593 54413.5000/54417.5000 121694400/122040000 2007-11-09T12:01:05/2007-11-13T12:01:05 114.5 21.043 159.904 70.4958 12.9558 2.20942 0 -1 -1 -1 -1 -1 -1 -1 # 1349928 0.7 6.437 564.201 532.287 0
13.934 86.1236 -38.1824 0 5.0617e+07 146.46122685185 54417.5000/54421.5000 122040000/122385600 2007-11-13T12:01:05/2007-11-17T12:01:05 262.131 29.6335 324.432 163.407 18.4729 2.20942 0 -1 -1 -1 -1 -1 -1 -1 # 1350053 0.7 6.437 680.332 583.255 0
13.827 86.1236 -38.1824 0 5.92473e+07 171.43315972222 54421.5000/54425.5000 122385600/122731200 2007-11-17T12:01:05/2007-11-21T12:01:05 225.929 25.3611 279.246 164.853 18.5052 2.20942 0 -1 -1 -1 -1 -1 -1 -1 # 1349993 0.7 6.437 654.665 559.072 0
14.0122 86.1236 -38.1824 0 5.57001e+07 161.16927083333 54425.5000/54429.5000 122731200/123076800 2007-11-21T12:01:05/2007-11-25T12:01:05 248.845 27.7505 307.167 170.703 19.0363 2.20942 0 -1 -1 -1 -1 -1 -1 -1 # 1349963 0.7 6.437 693.812 595.641 0
15.3146 86.1236 -38.1824 0 7.18678e+07 207.95081018519 54441.5000/54445.5000 124113600/124459200 2007-12-07T12:01:05/2007-12-11T12:01:05 198.503 20.9564 242.539 175.694 18.5484 2.20942 0 -1 -1 -1 -1 -1 -1 -1 # 1349949 0.7 6.497 759.333 642.064 0
13.0162 86.1236 -38.1824 0 7.22364e+07 209.01736111111 54445.5000/54449.5000 124459200/124804800 2007-12-11T12:01:05/2007-12-15T12:01:05 168.77 19.9472 210.803 150.144 17.7458 2.20942 0 -1 -1 -1 -1 -1 -1 -1 # 1350060 0.7 6.497 709.684 624.973 0
4.67098 86.1236 -38.1824 0 4.00563e+07 115.90364583333 54569.5000/54573.5000 135172800/135518400 2008-04-13T12:01:05/2008-04-17T12:01:05 105.753 28.5338 167.493 52.1701 14.0762 2.20942 0 -1 -1 -1 -1 -1 -1 -1 # 1349974 0.7 7.76 571.036 560.127 4.87805
3.1336 86.1236 -38.1824 0 4.11266e+07 119.0005787037 54573.5000/54577.5000 135518400/135864000 2008-04-17T12:01:05/2008-04-21T12:01:05 63.6981 24.476 117.503 32.263 12.3971 2.20942 0 -1 -1 -1 -1 -1 -1 -1 # 1349933 0.7 7.76 520.307 515.397 0.594884
4.30041 86.1236 -38.1824 0 5.29221e+07 153.13107638889 54577.5000/54581.5000 135864000/136209600 2008-04-21T12:01:05/2008-04-25T12:01:05 76.2007 22.0818 124.064 49.6652 14.3922 2.20942 0 -1 -1 -1 -1 -1 -1 -1 # 1350023 0.7 7.76 568.757 559.51 0
1.81591 86.1236 -38.1824 0 5.74695e+07 166.2890625 54581.5000/54585.5000 136209600/136555200 2008-04-25T12:01:05/2008-04-29T12:01:05 26.301 16.5286 63.4629 18.6151 11.6985 2.20942 0 -1 -1 -1 -1 -1 -1 -1 # 1349962 0.7 7.76 585.873 584.224 0
6.46613 86.1236 -38.1824 0 6.33048e+07 183.17361111111 54597.5000/54601.5000 137592000/137937600 2008-05-11T12:01:05/2008-05-15T12:01:05 91.6351 19.2648 133.037 71.4421 15.0195 2.20942 0 -1 -1 -1 -1 -1 -1 -1 # 1349939 0.7 7.098 622.091 601.185 0
7.44057 86.1236 -38.1824 0 6.33398e+07 183.27488425926 54601.5000/54605.5000 137937600/138283200 2008-05-15T12:01:05/2008-05-19T12:01:05 101.39 19.1349 142.436 79.0914 14.9265 2.20942 0 -1 -1 -1 -1 -1 -1 -1 # 1349929 0.7 7.098 632.977 605.296 0
6.0536 86.1236 -38.1824 0 7.10792e+07 205.66898148148 54605.5000/54609.5000 138283200/138628800 2008-05-19T12:01:05/2008-05-23T12:01:05 71.552 15.9944 106.168 62.6355 14.0012 2.20942 0 -1 -1 -1 -1 -1 -1 -1 # 1349984 0.7 7.098 650.83 632.507 0
12.3022 86.1236 -38.1824 0 7.2042e+07 208.45486111111 54609.5000/54613.5000 138628800/138974400 2008-05-23T12:01:05/2008-05-27T12:01:05 168.086 20.7331 211.793 149.133 18.3953 2.20942 0 -1 -1 -1 -1 -1 -1 -1 # 1349954 0.7 7.098 726.079 650.408 0
11.1823 86.1236 -38.1824 0 6.05684e+07 175.25578703704 54613.5000/54617.5000 138974400/139320000 2008-05-27T12:01:05/2008-05-31T12:01:05 160.4 21.7661 206.577 119.648 16.2362 2.20942 0 -1 -1 -1 -1 -1 -1 -1 # 1350000 0.7 7.098 648.941 586.419 0
15.1429 86.1236 -38.1824 0 7.05396e+07 204.10763888889 54617.5000/54621.5000 139320000/139665600 2008-05-31T12:01:05/2008-06-04T12:01:05 227.247 23.212 275.847 197.418 20.1652 2.20942 0 -1 -1 -1 -1 -1 -1 -1 # 1350041 0.7 7.098 752.104 637.449 0
11.8822 86.1236 -38.1824 0 6.08947e+07 176.19994212963 54621.5000/54625.5000 139665600/140011200 2008-06-04T12:01:05/2008-06-08T12:01:05 180.103 22.7921 228.247 135.069 17.093 2.20942 0 -1 -1 -1 -1 -1 -1 -1 # 1349968 0.7 7.098 664.193 593.6 0
8.34794 86.1236 -38.1824 0 6.45534e+07 186.78645833333 54633.5000/54637.5000 140702400/141048000 2008-06-16T12:01:05/2008-06-20T12:01:05 114.181 19.4181 155.679 90.7756 15.4376 2.20942 0 -1 -1 -1 -1 -1 -1 -1 # 1349969 0.7 7.908 653.656 618.812 0
8.81794 86.1236 -38.1824 0 6.88045e+07 199.08709490741 54637.5000/54641.5000 141048000/141393600 2008-06-20T12:01:05/2008-06-24T12:01:05 125.099 19.8719 167.313 106.005 16.8389 2.20942 0 -1 -1 -1 -1 -1 -1 -1 # 1350026 0.7 7.908 692.474 653.596 0
7.96834 86.1236 -38.1824 0 6.85742e+07 198.42071759259 54641.5000/54645.5000 141393600/141739200 2008-06-24T12:01:05/2008-06-28T12:01:05 106.172 18.7979 146.37 89.6656 15.8755 2.20942 0 -1 -1 -1 -1 -1 -1 -1 # 1349955 0.7 7.908 637.46 605.713 0
11.6168 86.1236 -38.1824 0 5.70088e+07 164.95601851852 54673.5000/54677.5000 144158400/144504000 2008-07-26T12:01:05/2008-07-30T12:01:05 200.804 25.3375 254.199 140.985 17.7894 2.20942 0 -1 -1 -1 -1 -1 -1 -1 # 1349754 0.7 8.055 675.511 608.036 0
10.8532 86.1236 -38.1824 0 5.20859e+07 150.7115162037 54677.5000/54681.5000 144504000/144849600 2008-07-30T12:01:05/2008-08-03T12:01:05 180.342 25.0134 233.414 115.684 16.0453 2.20942 0 -1 -1 -1 -1 -1 -1 -1 # 1349987 0.7 8.055 606.781 547.885 0
8.69323 86.1236 -38.1824 0 4.56065e+07 131.96325231481 54681.5000/54685.5000 144849600/145195200 2008-08-03T12:01:05/2008-08-07T12:01:05 151.549 25.5336 206.27 85.1207 14.3415 2.20942 0 -1 -1 -1 -1 -1 -1 -1 # 1349964 0.7 8.055 612.635 574.849 0
6.92241 86.1236 -38.1824 0 3.6713e+07 106.22974537037 54685.5000/54689.5000 145195200/145540800 2008-08-07T12:01:05/2008-08-11T12:01:05 155.348 31.1865 222.387 70.2394 14.1008 2.20942 0 -1 -1 -1 -1 -1 -1 -1 # 1350012 0.7 8.055 547.685 523.726 6.42475
3.52244 86.1236 -38.1824 0 4.14774e+07 120.015625 54757.5000/54761.5000 151416000/151761600 2008-10-18T12:01:05/2008-10-22T12:01:05 63.1443 22.9864 114.307 32.2554 11.7419 2.20942 0 -1 -1 -1 -1 -1 -1 -1 # 1350019 0.7 8.31 537.874 531.67 1.60619
6.58046 86.1236 -38.1824 0 4.87223e+07 140.97887731481 54761.5000/54765.5000 151761600/152107200 2008-10-22T12:01:05/2008-10-26T12:01:05 125.844 25.6871 180.891 75.512 15.4134 2.20942 0 -1 -1 -1 -1 -1 -1 -1 # 1349936 0.7 8.31 627.047 605.395 0
2.19702 86.1236 -38.1824 0 3.54686e+07 102.62905092593 54765.5000/54769.5000 152107200/152452800 2008-10-26T12:01:05/2008-10-30T12:01:05 38.4617 21.1786 86.9197 16.8007 9.25116 2.20942 0 -1 -1 -1 -1 -1 -1 -1 # 1350009 0.7 8.31 491.925 489.512 0
3.40371 86.1236 -38.1824 0 5.30298e+07 153.44270833333 54773.5000/54777.5000 152798400/153144000 2008-11-03T12:01:05/2008-11-07T12:01:05 49.4027 17.9109 88.979 32.2646 11.6975 2.20942 0 -1 -1 -1 -1 -1 -1 -1 # 1350001 0.7 7.809 568.365 562.572 0
2.51986 86.1236 -38.1824 0 4.76542e+07 137.88831018519 54777.5000/54781.5000 153144000/153489600 2008-11-07T12:01:05/2008-11-11T12:01:05 39.2772 18.6478 81.0715 23.0514 10.9442 2.20942 0 -1 -1 -1 -1 -1 -1 -1 # 1350008 0.7 7.809 580.818 577.643 0
3.48972 86.1236 -38.1824 0 5.66774e+07 163.99710648148 54781.5000/54785.5000 153489600/153835200 2008-11-11T12:01:05/2008-11-15T12:01:05 48.5647 17.405 87.034 33.899 12.149 2.20942 0 -1 -1 -1 -1 -1 -1 -1 # 1350004 0.7 7.809 606.57 600.481 0
7.08893 86.1236 -38.1824 0 6.3025e+07 182.36400462963 54785.5000/54789.5000 153835200/154180800 2008-11-15T12:01:05/2008-11-19T12:01:05 97.9713 19.0829 138.952 76.0444 14.812 2.20942 0 -1 -1 -1 -1 -1 -1 -1 # 1349924 0.7 7.809 617.44 592.314 0
4.582 86.1236 -38.1824 0 6.40844e+07 185.42939814815 54789.5000/54793.5000 154180800/154526400 2008-11-19T12:01:05/2008-11-23T12:01:05 66.7381 18.161 105.989 52.6722 14.3334 2.20942 0 -1 -1 -1 -1 -1 -1 -1 # 1349958 0.7 7.809 603.74 593.243 0
3.49391 86.1236 -38.1824 0 4.44325e+07 128.56626157407 54793.5000/54797.5000 154526400/154872000 2008-11-23T12:01:05/2008-11-27T12:01:05 53.1109 19.1234 95.5735 29.063 10.4646 2.20942 0 -1 -1 -1 -1 -1 -1 -1 # 1350014 0.7 7.809 524.491 518.388 0
7.30808 86.1236 -38.1824 0 5.7478e+07 166.31365740741 54801.5000/54805.5000 155217600/155563200 2008-12-01T12:01:05/2008-12-05T12:01:05 99.7183 19.5122 141.786 70.5883 13.8122 2.20942 0 -1 -1 -1 -1 -1 -1 -1 # 1349979 0.7 6.629 597.337 570.633 0
3.49136 86.1236 -38.1824 0 7.19227e+07 208.10966435185 54805.5000/54809.5000 155563200/155908800 2008-12-05T12:01:05/2008-12-09T12:01:05 34.3926 12.4348 62.0346 30.464 11.0144 2.20942 0 -1 -1 -1 -1 -1 -1 -1 # 1349952 0.7 6.629 620.916 614.821 0
3.86168 86.1236 -38.1824 0 5.00888e+07 144.93287037037 54809.5000/54813.5000 155908800/156254400 2008-12-09T12:01:05/2008-12-13T12:01:05 51.3042 17.0871 89.1904 31.6482 10.5406 2.20942 0 -1 -1 -1 -1 -1 -1 -1 # 1349978 0.7 6.629 516.942 509.486 0
1.52569 86.1236 -38.1824 0 5.69182e+07 164.69386574074 54813.5000/54817.5000 156254400/156600000 2008-12-13T12:01:05/2008-12-17T12:01:05 18.5781 13.739 49.7784 13.0229 9.63078 2.20942 0 -1 -1 -1 -1 -1 -1 -1 # 1350006 0.7 6.629 553.609 552.445 0
3.74001 86.1236 -38.1824 0 6.89339e+07 199.4615162037 54821.5000/54825.5000 156945600/157291200 2008-12-21T12:01:05/2008-12-25T12:01:05 39.0017 13.1706 68.1156 33.111 11.1813 2.20942 0 -1 -1 -1 -1 -1 -1 -1 # 1350051 0.7 7.313 610.117 603.123 0
3.23585 86.1236 -38.1824 0 6.36162e+07 184.07465277778 54825.5000/54829.5000 157291200/157636800 2008-12-25T12:01:05/2008-12-29T12:01:05 34.2039 13.2807 63.9193 26.7978 10.4051 2.20942 0 -1 -1 -1 -1 -1 -1 -1 # 1349959 0.7 7.313 601.224 595.988 0
4.0381 86.1236 -38.1824 0 5.08563e+07 147.15364583333 54829.5000/54833.5000 157636800/157982400 2008-12-29T12:01:05/2009-01-02T12:01:05 51.1714 17.112 89.4989 32.05 10.7177 2.20942 0 -1 -1 -1 -1 -1 -1 -1 # 1349991 0.7 7.313 591.056 582.903 0
6.67482 86.1236 -38.1824 0 7.262e+07 210.12731481481 54833.5000/54837.5000 157982400/158328000 2009-01-02T12:01:06/2009-01-06T12:01:06 80.8139 16.2579 115.721 72.2767 14.5404 2.20942 0 -1 -1 -1 -1 -1 -1 -1 # 1350078 0.7 7.313 631.607 609.33 0
3.72369 86.1236 -38.1824 0 6.8564e+07 198.3912037037 54837.5000/54841.5000 158328000/158673600 2009-01-06T12:01:06/2009-01-10T12:01:06 40.9987 13.9932 71.9605 34.6197 11.8159 2.20942 0 -1 -1 -1 -1 -1 -1 -1 # 1350039 0.7 7.313 615.016 608.084 0
0.855612 86.1236 -38.1824 0 5.56555e+07 161.04021990741 54945.5000/54949.5000 167659200/168004800 2009-04-24T12:01:06/2009-04-28T12:01:06 11.6889 14.7058 45.5316 8.01197 10.0798 2.20942 0 -1 -1 -1 -1 -1 -1 -1 # 1350031 0.7 8.031 590.556 590.19 0
4.38443 86.1236 -38.1824 0 5.70361e+07 165.03501157407 54953.5000/54957.5000 168350400/168696000 2009-05-02T12:01:06/2009-05-06T12:01:06 58.3869 17.3283 96.4658 41.013 12.172 2.20942 0 -1 -1 -1 -1 -1 -1 -1 # 1350044 0.7 7.504 575.225 565.613 0
1.44094 86.1236 -38.1824 0 5.92799e+07 171.52748842593 54957.5000/54961.5000 168696000/169041600 2009-05-06T12:01:06/2009-05-10T12:01:06 18.7671 14.6816 52.2787 13.7013 10.7185 2.20942 0 -1 -1 -1 -1 -1 -1 -1 # 1349960 0.7 7.504 595.046 594.008 0
1.79796 86.1236 -38.1824 0 6.65166e+07 192.46701388889 54961.5000/54965.5000 169041600/169387200 2009-05-10T12:01:06/2009-05-14T12:01:06 20.1956 12.9819 49.732 16.5441 10.6347 2.20942 0 -1 -1 -1 -1 -1 -1 -1 # 1350015 0.7 7.504 598.842 597.225 0
3.39302 86.1236 -38.1824 0 6.78134e+07 196.2193287037 54997.5000/55001.5000 172152000/172497600 2009-06-15T12:01:06/2009-06-19T12:01:06 34.7479 12.9577 63.6923 559 10.8218 2.20942 0 -1 -1 -1 -1 -1 -1 -1 #477456_172152000_172497600_4.13496e+06_559# 1349994 0.7 7.421 597.173 591.417 0
2.89811 86.1236 -38.1824 0 6.99207e+07 202.31684027778 55001.5000/55005.5000 172497600/172843200 2009-06-19T12:01:06/2009-06-23T12:01:06 29.5945 12.5388 57.7153 589 10.7974 2.20942 0 -1 -1 -1 -1 -1 -1 -1 #477470_172497600_172843200_4.25941e+06_589# 1350028 0.7 7.421 633.011 628.812 0
0.871724 86.1236 -38.1824 0 6.96061e+07 201.40653935185 55009.5000/55013.5000 173188800/173534400 2009-06-27T12:01:06/2009-07-01T12:01:06 9.04659 11.1374 34.5318 7.75512 9.54742 2.20942 0 -1 -1 -1 -1 -1 -1 -1 # 1349950 0.7 7.361 603.781 603.401 0
0 86.1236 -38.1824 0 6.56568e+07 189.97916666667 55013.5000/55017.5000 173534400/173880000 2009-07-01T12:01:06/2009-07-05T12:01:06 0 8.1961 16.8212 0 6.6274 2.20942 0 -1 -1 -1 -1 -1 -1 -1 # 1349957 0.7 7.361 598.926 598.926 0
2.09932 86.1236 -38.1824 0 6.71511e+07 194.30295138889 55017.5000/55021.5000 173880000/174225600 2009-07-05T12:01:06/2009-07-09T12:01:06 22.9073 12.7263 51.5533 18.9445 10.5247 2.20942 0 -1 -1 -1 -1 -1 -1 -1 # 1350037 0.7 7.361 629.406 627.202 0
1.91527 86.1236 -38.1824 0 7.30885e+07 211.48292824074 55021.5000/55025.5000 174225600/174571200 2009-07-09T12:01:06/2009-07-13T12:01:06 16.3325 9.98607 39.1829 14.7014 8.98876 2.20942 0 -1 -1 -1 -1 -1 -1 -1 # 1350035 0.7 7.361 611.506 609.672 0
1.83682 86.1236 -38.1824 0 4.45092e+07 128.78819444444 55029.5000/55033.5000 174916800/175262400 2009-07-17T12:01:06/2009-07-21T12:01:06 34.4144 21.4313 82.4693 18.8645 11.7477 2.20942 0 -1 -1 -1 -1 -1 -1 -1 # 1350007 0.7 10.068 599.651 597.964 2.32005
3.47982 86.1236 -38.1824 0 3.8417e+07 111.16030092593 55033.5000/55037.5000 175262400/175608000 2009-07-21T12:01:06/2009-07-25T12:01:06 71.4059 25.6309 128.008 33.7842 12.1267 2.20942 0 -1 -1 -1 -1 -1 -1 -1 # 1349927 0.7 10.068 552.796 546.741 3.03391
2.75485 86.1236 -38.1824 0 3.92161e+07 113.47251157407 55037.5000/55041.5000 175608000/175953600 2009-07-25T12:01:06/2009-07-29T12:01:06 55.5016 24.4176 109.915 26.8057 11.793 2.20942 0 -1 -1 -1 -1 -1 -1 -1 # 1350061 0.7 10.068 566.042 562.248 4.58061
3.98677 86.1236 -38.1824 0 3.85802e+07 111.63252314815 55041.5000/55045.5000 175953600/176299200 2009-07-29T12:01:06/2009-08-02T12:01:06 94.1706 29.139 157.492 44.7441 13.8451 2.20942 0 -1 -1 -1 -1 -1 -1 -1 # 1350066 0.7 10.068 586.875 578.928 6.6627
