(0)sqrtts (1)l_peak (2)b_peak (3)dist (4)exp[cm2 s] (5)exp[cm2] (6)time_mjd (7)time_tt (8)time_utc (9)flux*10^-8 (10)flux_err*10^-8 (11)flux_ul*10^-8 (12)counts (13)counts_err (14)spectral_index (15)spectral_index_err (16)l (17)b (18)distellipse (19)r (20)ella (21)ellb (22)ellphi (23)ap[#] (24)id_detection (25)gal (26)iso (27)fit_fcn0 (28)fit_fcn1 (29)exp_ratio
12.2 1.8
5.99744 36.9307 -24.6282 0 7.17457e+07 207.59751157407 54389.5000/54393.5000 119620800/119966400 2007-10-16T12:01:05/2007-10-20T12:01:05 59.867 12.9908 87.6744 75.0459 16.2845 2.38427 0 -1 -1 -1 -1 -1 -1 -1 # 1352283 0.7 8.102 651.572 633.587 0
4.58644 36.9307 -24.6282 0 5.65802e+07 163.71585648148 54409.5000/54413.5000 121348800/121694400 2007-11-05T12:01:05/2007-11-09T12:01:05 58.7999 15.8453 92.9007 58.1279 15.6642 2.38427 0 -1 -1 -1 -1 -1 -1 -1 # 1352234 0.7 7.955 641.215 630.697 0
2.43321 36.9307 -24.6282 0 4.69704e+07 135.90972222222 54413.5000/54417.5000 121694400/122040000 2007-11-09T12:01:05/2007-11-13T12:01:05 29.1979 14.1649 60.7585 23.9618 11.6247 2.38427 0 -1 -1 -1 -1 -1 -1 -1 # 1352256 0.7 7.955 564.53 561.57 0
7.63615 36.9307 -24.6282 0 4.36885e+07 126.4134837963 54417.5000/54421.5000 122040000/122385600 2007-11-13T12:01:05/2007-11-17T12:01:05 113.42 20.6142 157.483 86.5763 15.7354 2.38427 0 -1 -1 -1 -1 -1 -1 -1 # 1352269 0.7 7.955 610.05 580.895 0
3.83253 36.9307 -24.6282 0 5.00814e+07 144.91145833333 54421.5000/54425.5000 122385600/122731200 2007-11-17T12:01:05/2007-11-21T12:01:05 48.9012 15.7239 83.1635 42.7898 13.7588 2.38427 0 -1 -1 -1 -1 -1 -1 -1 # 1352244 0.7 7.955 623.903 616.559 0
5.27841 36.9307 -24.6282 0 4.66201e+07 134.89612268519 54425.5000/54429.5000 122731200/123076800 2007-11-21T12:01:05/2007-11-25T12:01:05 79.7163 19.1948 120.939 64.9327 15.6351 2.38427 0 -1 -1 -1 -1 -1 -1 -1 # 1352235 0.7 7.955 625.643 611.712 0
3.44836 36.9307 -24.6282 0 4.16197e+07 120.42737268519 54441.5000/54445.5000 124113600/124459200 2007-12-07T12:01:05/2007-12-11T12:01:05 49.91 17.6402 88.5643 36.2935 12.8276 2.38427 0 -1 -1 -1 -1 -1 -1 -1 # 1352290 0.7 8.457 551.738 545.792 0.35693
3.09094 36.9307 -24.6282 0 3.78035e+07 109.38512731481 54445.5000/54449.5000 124459200/124804800 2007-12-11T12:01:05/2007-12-15T12:01:05 50.8373 19.7378 94.0938 33.5782 13.0369 2.38427 0 -1 -1 -1 -1 -1 -1 -1 # 1352232 0.7 8.457 525.508 520.731 5.23498
