(0)sqrtts (1)l_peak (2)b_peak (3)dist (4)exp[cm2 s] (5)exp[cm2] (6)time_mjd (7)time_tt (8)time_utc (9)flux*10^-8 (10)flux_err*10^-8 (11)flux_ul*10^-8 (12)counts (13)counts_err (14)spectral_index (15)spectral_index_err (16)l (17)b (18)distellipse (19)r (20)ella (21)ellb (22)ellphi (23)ap[#] (24)id_detection (25)gal (26)iso (27)fit_fcn0 (28)fit_fcn1 (29)exp_ratio
55.7 4.0
4.26582 351.382 40.107 0 3.11903e+07 90.249710648148 54453.5000/54457.5000 125150400/125496000 2007-12-19T12:01:05/2007-12-23T12:01:05 99.6169 30.4176 166.65 36.6367 11.1869 2.18696 0 -1 -1 -1 -1 -1 -1 -1 # 1351326 0.7 7.486 472.11 463.012 3.62879
1.17406 351.382 40.107 0 4.18702e+07 121.15219907407 54457.5000/54461.5000 125496000/125841600 2007-12-23T12:01:05/2007-12-27T12:01:05 26.3243 24.0855 79.857 12.9965 11.8912 2.18696 0 -1 -1 -1 -1 -1 -1 -1 # 1351292 0.7 7.486 522.936 522.247 0
1.42894 351.382 40.107 0 5.13336e+07 148.53472222222 54461.5000/54465.5000 125841600/126187200 2007-12-27T12:01:05/2007-12-31T12:01:05 21.5736 16.8709 59.9536 13.0584 10.2118 2.18696 0 -1 -1 -1 -1 -1 -1 -1 # 1351301 0.7 7.486 530.734 529.713 0
3.67817 351.382 40.107 0 4.80258e+07 138.96354166667 54529.5000/54533.5000 131716800/132062400 2008-03-04T12:01:05/2008-03-08T12:01:05 56.1707 19.6111 99.8637 31.8089 11.1056 2.18696 0 -1 -1 -1 -1 -1 -1 -1 # 1351310 0.7 9.428 607.791 601.027 0
3.73691 351.382 40.107 0 4.49547e+07 130.07725694444 54533.5000/54537.5000 132062400/132408000 2008-03-08T12:01:05/2008-03-12T12:01:05 69.6646 23.3235 120.883 36.9276 12.3633 2.18696 0 -1 -1 -1 -1 -1 -1 -1 # 1351305 0.7 9.428 592.93 585.948 0.297442
6.27783 351.382 40.107 0 5.46748e+07 158.2025462963 54541.5000/54545.5000 132753600/133099200 2008-03-16T12:01:05/2008-03-20T12:01:05 93.1003 20.2605 136.969 536 13.0618 2.18696 0 -1 -1 -1 -1 -1 -1 -1 #478183_132753600_133099200_3.33817e+06_536# 1351323 0.7 8.978 608.324 588.618 0
1.364 351.382 40.107 0 2.63317e+07 76.191261574074 54545.5000/54549.5000 133099200/133444800 2008-03-20T12:01:05/2008-03-24T12:01:05 28.835 24.3156 86.0015 277 7.54968 2.18696 0 -1 -1 -1 -1 -1 -1 -1 #478178_133099200_133444800_1.63037e+06_277# 1351314 0.7 8.978 460.813 459.882 0
1.8032 351.382 40.107 0 2.81347e+07 81.408275462963 54549.5000/54553.5000 133444800/133790400 2008-03-24T12:01:05/2008-03-28T12:01:05 37.4009 24.3755 93.6802 289 8.08649 2.18696 0 -1 -1 -1 -1 -1 -1 -1 #478177_133444800_133790400_1.75707e+06_289# 1351303 0.7 8.978 460.715 459.09 4.22368
6.20614 351.382 40.107 0 6.51529e+07 188.52112268519 54721.5000/54725.5000 148305600/148651200 2008-09-12T12:01:05/2008-09-16T12:01:05 92.2791 19.5565 134.259 70.8927 15.0241 2.18696 0 -1 -1 -1 -1 -1 -1 -1 # 1351294 0.7 8.328 660.016 640.758 0
4.38634 351.382 40.107 0 5.86451e+07 169.69068287037 54725.5000/54729.5000 148651200/148996800 2008-09-16T12:01:05/2008-09-20T12:01:05 61.7456 18.3557 102.052 42.6975 12.6931 2.18696 0 -1 -1 -1 -1 -1 -1 -1 # 1351289 0.7 8.328 602.003 592.383 0
3.86528 351.382 40.107 0 4.68509e+07 135.56394675926 54729.5000/54733.5000 148996800/149342400 2008-09-20T12:01:05/2008-09-24T12:01:05 62.1897 20.2779 106.826 34.3558 11.2023 2.18696 0 -1 -1 -1 -1 -1 -1 -1 # 1351278 0.7 8.328 542.676 535.205 0
0 351.382 40.107 0 4.03031e+07 116.6177662037 54733.5000/54737.5000 149342400/149688000 2008-09-24T12:01:05/2008-09-28T12:01:05 0 8.03553 23.0588 0 3.81871 2.18696 0 -1 -1 -1 -1 -1 -1 -1 # 1351295 0.7 8.328 487.409 487.409 0
2.45262 351.382 40.107 0 3.59531e+07 104.03096064815 54737.5000/54741.5000 149688000/150033600 2008-09-28T12:01:05/2008-10-02T12:01:05 53.8618 26.0781 111.904 22.8339 11.0554 2.18696 0 -1 -1 -1 -1 -1 -1 -1 # 1351293 0.7 8.328 536.416 533.409 5.6514
7.59725 351.382 40.107 0 6.98675e+07 202.16290509259 54897.5000/54901.5000 163512000/163857600 2009-03-07T12:01:06/2009-03-11T12:01:06 100.861 18.4965 140.472 83.0927 15.238 2.18696 0 -1 -1 -1 -1 -1 -1 -1 # 1351287 0.7 8.993 681.341 652.482 0
13.2022 351.382 40.107 0 5.84746e+07 169.19733796296 54901.5000/54905.5000 163857600/164203200 2009-03-11T12:01:06/2009-03-15T12:01:06 214.739 25.4551 268.45 148.062 17.5512 2.18696 0 -1 -1 -1 -1 -1 -1 -1 # 1351313 0.7 8.993 697.319 610.17 0
9.99226 351.382 40.107 0 5.86844e+07 169.80439814815 54905.5000/54909.5000 164203200/164548800 2009-03-15T12:01:06/2009-03-19T12:01:06 150.668 22.6295 198.911 104.258 15.6589 2.18696 0 -1 -1 -1 -1 -1 -1 -1 # 1351304 0.7 8.993 731.435 681.513 0
8.86695 351.382 40.107 0 5.19117e+07 150.20746527778 54909.5000/54913.5000 164548800/164894400 2009-03-19T12:01:06/2009-03-23T12:01:06 156.613 25.4184 210.814 95.8645 15.5588 2.18696 0 -1 -1 -1 -1 -1 -1 -1 # 1351306 0.7 8.993 661.809 622.498 0
12.1666 351.382 40.107 0 4.17443e+07 120.78790509259 54913.5000/54917.5000 164894400/165240000 2009-03-23T12:01:06/2009-03-27T12:01:06 254.38 32.7988 323.894 125.212 16.1443 2.18696 0 -1 -1 -1 -1 -1 -1 -1 # 1351311 0.7 8.993 654.604 580.591 0.535396
0.852231 351.382 40.107 0 6.31365e+07 182.68663194444 55077.5000/55081.5000 179064000/179409600 2009-09-03T12:01:06/2009-09-07T12:01:06 8.17243 10.4892 33.2243 6.0841 7.80887 2.18696 0 -1 -1 -1 -1 -1 -1 -1 # 1351300 0.7 7.845 621.292 620.929 0
1.17208 351.382 40.107 0 4.50599e+07 130.38165509259 55097.5000/55101.5000 180792000/181137600 2009-09-23T12:01:06/2009-09-27T12:01:06 18.314 17.2702 57.8694 9.73056 9.17596 2.18696 0 -1 -1 -1 -1 -1 -1 -1 # 1351286 0.7 8.193 519.896 519.209 0
