115084851.840000 115176083.760000
119463984.000000 119555215.920000
131871525.120000 131962757.040000
132601380.480000 132692612.400000
133331235.840000 133422467.760000
148658198.400000 148749430.320000
149388053.760000 149479285.680000
150117909.120000 150209141.040000
163255305.600001 163346537.520001
163985160.960001 164076392.880001
164715016.320001 164806248.240001
165444871.680001 165536103.600001
177852412.800001 177943644.720001
178582268.160001 178673500.080001
179312123.520001 179403355.440001
180771834.240001 180863066.160001
181501689.600001 181592921.520001
182231544.960001 182322776.880001
192449520.000001 192540751.920001
193179375.360001 193270607.280001
193909230.720001 194000462.640001
194639086.080001 194730318.000001
195368941.440001 195460173.360001
196098796.800001 196190028.720001
196828652.160001 196919884.080001
197558507.520001 197649739.440001
209236193.280001 209327425.200001
209966048.640001 210057280.560001
210695904.000001 210787135.920001
211425759.360001 211516991.280001
212155614.720001 212246846.640001
212885470.080002 212976702.000001
213615325.440002 213706557.360002
214345180.800002 214436412.720002
215075036.160002 215166268.080002
223833300.480002 223924532.400002
224563155.840002 224654387.760002
225293011.200002 225384243.120002
226022866.560002 226114098.480002
226752721.920002 226843953.840002
227482577.280002 227573809.200002
228212432.640002 228303664.560002
228942288.000002 229033519.920002
229672143.360002 229763375.280002
230401998.720002 230493230.640002
240619973.760002 240711205.680002
241349829.120002 241441061.040002
242079684.480002 242170916.400002
242809539.840002 242900771.760002
243539395.200002 243630627.120002
244269250.560002 244360482.480002
244999105.920002 245090337.840002
245728961.280002 245820193.200002
246458816.640002 246550048.560002
255217080.960002 255308312.880002
255946936.320002 256038168.240002
256676791.680002 256768023.600002
257406647.040002 257497878.960002
258136502.400002 258227734.320002
258866357.760002 258957589.680002
259596213.120002 259687445.040002
260326068.480002 260417300.400002
261055923.840002 261147155.760002
261785779.200002 261877011.120002
262515634.560002 262569600.000000
273463464.960003 273554696.880003
274193320.320003 274284552.240003
274923175.680003 275014407.600003
275653031.040003 275744262.960003
276382886.400003 276474118.320003
277112741.760003 277203973.680003
277842597.120003 277933829.040003
323093629.440004 323184861.360004
323823484.800004 323914716.720004
324553340.160004 324644572.080004
325283195.520004 325296000.000000
335501170.560004 335592402.480004
336231025.920004 336322257.840004
336960881.280004 337052113.200004
337690736.640004 337781968.560004
338420592.000004 338511823.920004
339150447.360004 339241679.280004
339880302.720004 339971534.640004
340610158.080004 340701390.000004
341340013.440004 341431245.360004
350098277.760004 350189509.680004
350828133.120004 350919365.040004
351557988.480004 351649220.400004
352287843.840004 352379075.760004
353017699.200004 353108931.120004
353747554.560004 353838786.480004
354477409.920004 354568641.840004
355207265.280004 355298497.200004
355937120.640004 356028352.560004
356666976.000004 356745600.000000
369804372.480005 369895604.400005
370534227.840005 370625459.760005
371264083.200005 371355315.120005
371993938.560005 372085170.480005
372723793.920005 372815025.840005
382211913.600005 382303145.520005
382941768.960005 383033000.880005
383671624.320005 383762856.240005
384401479.680005 384492711.600005
385131335.040005 385222566.960005
385861190.400005 385952422.320005
386591045.760005 386682277.680005
387320901.120005 387412133.040005
388050756.480005 388141988.400005
398268731.520005 398359963.440005
398998586.880005 399089818.800005
399728442.240005 399819674.160005
400458297.600005 400549529.520005
401188152.960005 401279384.880005
401918008.320005 402009240.240005
402647863.680005 402739095.600005
403377719.040005 403468950.960005
404107574.400005 404198806.320005
404837429.760005 404928661.680005
413595694.080005 413686926.000005
414325549.440005 414416781.360005
415055404.800005 415146636.720005
415785260.160005 415876492.080005
416515115.520005 416606347.440005
417244970.880005 417336202.800005
417974826.240005 418066058.160006
418704681.600006 418795913.520006
419434536.960006 419525768.880006
430382367.360006 430473599.280006
431112222.720006 431203454.640006
431842078.080006 431933310.000006
432571933.440006 432663165.360006
433301788.800006 433393020.720006
434031644.160006 434122876.080006
434761499.520006 434852731.440006
435491354.880006 435582586.800006
