115176083.760000 115267315.680000
119555215.920000 119646447.840000
120285071.280000 120312000.000000
131962757.040000 132053988.960000
132692612.400000 132753600.000000
132753600.000000 132783844.320000
133422467.760000 133513699.680000
148749430.320000 148840662.240000
149479285.680000 149570517.600000
150209141.040000 150300372.960000
163346537.520001 163437769.440001
164076392.880001 164167624.800001
164806248.240001 164897480.160001
165536103.600001 165585600.000000
166265958.960001 166357190.880001
177213789.360001 177305021.280001
177943644.720001 178034876.640001
178673500.080001 178764732.000001
179403355.440001 179494587.360001
180863066.160001 180954298.080001
181592921.520001 181684153.440001
182322776.880001 182414008.800001
191810896.560001 191902128.480001
192540751.920001 192631983.840001
193270607.280001 193361839.200001
194000462.640001 194091694.560001
194730318.000001 194821549.920001
195460173.360001 195551405.280001
196190028.720001 196281260.640001
196919884.080001 197011116.000001
197649739.440001 197740971.360001
209327425.200001 209418657.120001
210057280.560001 210148512.480001
210787135.920001 210878367.840001
211516991.280001 211608223.200001
212246846.640002 212338078.560001
212976702.000002 213067933.920002
213706557.360002 213797789.280002
214436412.720002 214527644.640002
215166268.080002 215257500.000002
223924532.400002 224015764.320002
224654387.760002 224745619.680002
225384243.120002 225475475.040002
226114098.480002 226205330.400002
226843953.840002 226935185.760002
227573809.200002 227665041.120002
228303664.560002 228394896.480002
229033519.920002 229124751.840002
229763375.280002 229854607.200002
230493230.640002 230515200.000000
240711205.680002 240802437.600002
241441061.040002 241532292.960002
242170916.400002 242262148.320002
242900771.760002 242992003.680002
243630627.120002 243721859.040002
244360482.480002 244451714.400002
245090337.840002 245181569.760002
245820193.200002 245911425.120002
246550048.560002 246641280.480002
255308312.880002 255399544.800002
256038168.240002 256129400.160002
256768023.600002 256859255.520002
257497878.960002 257589110.880002
258227734.320002 258318966.240002
258957589.680002 259048821.600002
259687445.040002 259778676.960002
260417300.400002 260508532.320002
261147155.760002 261238387.680002
261877011.120002 261968243.040002
273554696.880003 273645928.800003
274284552.240003 274375784.160003
275014407.600003 275105639.520003
275744262.960003 275835494.880003
276474118.320003 276565350.240003
277203973.680003 277295205.600003
277933829.040003 278025060.960003
323184861.360004 323276093.280004
323914716.720004 324005948.640004
324644572.080004 324735804.000004
335592402.480004 335683634.400004
336322257.840004 336413489.760004
337052113.200004 337143345.120004
337781968.560004 337873200.480004
338511823.920004 338603055.840004
339241679.280004 339332911.200004
339971534.640004 340062766.560004
340701390.000004 340792621.920004
341431245.360004 341522477.280004
350189509.680004 350280741.600004
350919365.040004 351010596.960004
351649220.400004 351740452.320004
352379075.760004 352470307.680004
353108931.120004 353200163.040004
353838786.480004 353930018.400004
354568641.840004 354659873.760004
355298497.200004 355389729.120004
356028352.560004 356119584.480004
369895604.400005 369986836.320005
370625459.760005 370716691.680005
371355315.120005 371446547.040005
372085170.480005 372176402.400005
372815025.840005 372906257.760005
382303145.520005 382394377.440005
383033000.880005 383124232.800005
383762856.240005 383854088.160005
384492711.600005 384583943.520005
385222566.960005 385313798.880005
385952422.320005 386043654.240005
386682277.680005 386773509.600005
387412133.040005 387503364.960005
388141988.400005 388233220.320005
398359963.440005 398451195.360005
399089818.800005 399181050.720005
399819674.160005 399910906.080005
400549529.520005 400640761.440005
401279384.880005 401370616.800005
402009240.240005 402100472.160005
402739095.600005 402830327.520005
403468950.960005 403560182.880005
404198806.320005 404290038.240005
404928661.680005 405019893.600005
412957070.640005 413048302.560005
413686926.000005 413778157.920005
414416781.360005 414508013.280005
415146636.720005 415237868.640005
415876492.080005 415967724.000005
416606347.440005 416697579.360005
417336202.800005 417427434.720006
418066058.160006 418157290.080006
418795913.520006 418887145.440006
419525768.880006 419617000.800006
430473599.280006 430564831.200006
431203454.640006 431294686.560006
431933310.000006 432024541.920006
432663165.360006 432754397.280006
433393020.720006 433484252.640006
434122876.080006 434214108.000006
434852731.440006 434943963.360006
435582586.800006 435673818.720006
