115267315.680000 115300800.000000
115300800.000000 115358547.600000
119646447.840000 119737679.760000
132053988.960000 132145220.880000
132783844.320000 132875076.240000
133513699.680000 133604931.600000
148840662.240000 148931894.160000
149570517.600000 149661749.520000
150300372.960000 150391604.880000
163437769.440001 163529001.360001
164167624.800001 164258856.720001
164897480.160001 164988712.080001
166357190.880001 166448422.800001
177305021.280001 177396253.200001
178034876.640001 178126108.560001
178764732.000001 178804800.000000
178804800.000000 178855963.920001
179494587.360001 179585819.280001
180224442.720001 180315674.640001
180954298.080001 181045530.000001
181684153.440001 181775385.360001
182414008.800001 182505240.720001
191902128.480001 191993360.400001
192631983.840001 192723215.760001
193361839.200001 193453071.120001
194091694.560001 194182926.480001
194821549.920001 194912781.840001
195551405.280001 195642637.200001
196281260.640001 196372492.560001
197011116.000001 197102347.920001
197740971.360001 197832203.280001
209418657.120001 209509889.040001
210148512.480001 210239744.400001
210878367.840001 210969599.760001
211608223.200002 211699455.120001
212338078.560002 212429310.480002
213067933.920002 213159165.840002
213797789.280002 213889021.200002
214527644.640002 214618876.560002
215257500.000002 215348731.920002
223285908.960002 223377140.880002
224015764.320002 224106996.240002
224745619.680002 224836851.600002
225475475.040002 225566706.960002
226205330.400002 226296562.320002
226935185.760002 227026417.680002
227665041.120002 227756273.040002
228394896.480002 228486128.400002
229124751.840002 229215983.760002
229854607.200002 229945839.120002
240802437.600002 240893669.520002
241532292.960002 241623524.880002
242262148.320002 242353380.240002
242992003.680002 243083235.600002
243721859.040002 243813090.960002
244451714.400002 244542946.320002
245181569.760002 245272801.680002
245911425.120002 246002657.040002
246641280.480002 246732512.400002
255399544.800002 255490776.720002
256129400.160002 256220632.080002
256859255.520002 256950487.440002
257589110.880002 257680342.800002
258318966.240002 258410198.160002
259048821.600002 259140053.520002
259778676.960002 259869908.880002
260508532.320002 260599764.240002
261238387.680002 261329619.600002
261968243.040002 262059474.960002
273645928.800003 273737160.720003
274375784.160003 274467016.080003
275105639.520003 275196871.440003
275835494.880003 275926726.800003
276565350.240003 276656582.160003
277295205.600003 277386437.520003
278025060.960003 278116292.880003
323276093.280004 323367325.200004
324005948.640004 324097180.560004
324735804.000004 324827035.920004
335683634.400004 335774866.320004
336413489.760004 336504721.680004
337143345.120004 337234577.040004
337873200.480004 337964432.400004
338603055.840004 338694287.760004
339332911.200004 339424143.120004
340062766.560004 340153998.480004
340792621.920004 340883853.840004
341522477.280004 341613709.200004
350280741.600004 350371973.520004
351010596.960004 351101828.880004
351740452.320004 351831684.240004
352470307.680004 352561539.600004
353200163.040004 353291394.960004
353930018.400004 354021250.320004
354659873.760004 354751105.680004
355389729.120004 355480961.040004
356119584.480004 356210816.400004
369986836.320005 370078068.240005
370716691.680005 370807923.600005
371446547.040005 371537778.960005
372176402.400005 372267634.320005
372906257.760005 372997489.680005
381664522.080005 381755754.000005
382394377.440005 382485609.360005
383124232.800005 383215464.720005
383854088.160005 383945320.080005
384583943.520005 384675175.440005
385313798.880005 385405030.800005
386043654.240005 386134886.160005
386773509.600005 386864741.520005
387503364.960005 387594596.880005
388233220.320005 388281600.000000
398451195.360005 398542427.280005
399181050.720005 399272282.640005
399910906.080005 400002138.000005
400640761.440005 400731993.360005
401370616.800005 401461848.720005
402100472.160005 402191704.080005
402830327.520005 402921559.440005
403560182.880005 403651414.800005
404290038.240005 404381270.160005
405019893.600005 405111125.520005
413048302.560005 413139534.480005
413778157.920005 413869389.840005
414508013.280005 414599245.200005
415237868.640005 415329100.560005
415967724.000005 416058955.920006
416697579.360005 416788811.280006
417427434.720006 417518666.640006
418157290.080006 418248522.000006
418887145.440006 418978377.360006
419617000.800006 419708232.720006
430564831.200006 430656063.120006
431294686.560006 431385918.480006
432024541.920006 432115773.840006
432754397.280006 432845629.200006
433484252.640006 433575484.560006
434214108.000006 434305339.920006
434943963.360006 435035195.280006
435673818.720006 435765050.640006
