115358547.600000 115449779.520000
119737679.760000 119828911.680000
132145220.880000 132236452.800000
132875076.240000 132966308.160000
133604931.600000 133696163.520000
148202038.800000 148293270.720000
148931894.160000 149023126.080000
149661749.520000 149752981.440000
150391604.880000 150482836.800000
163529001.360001 163620233.280001
164258856.720001 164350088.640001
164988712.080001 165079944.000001
166448422.800001 166539654.720001
177396253.200001 177487485.120001
178126108.560001 178217340.480001
178855963.920001 178947195.840001
179585819.280001 179668800.000000
180315674.640001 180406906.560001
181045530.000001 181136761.920001
181775385.360001 181866617.280001
182505240.720001 182596472.640001
191993360.400001 192084592.320001
192723215.760001 192814447.680001
193453071.120001 193544303.040001
194182926.480001 194274158.400001
194912781.840001 195004013.760001
195642637.200001 195733869.120001
196372492.560001 196463724.480001
197102347.920001 197193579.840001
197832203.280001 197856000.000000
208780033.680001 208871265.600001
209509889.040001 209601120.960001
210239744.400001 210330976.320001
210969599.760001 211060831.680001
211699455.120001 211790687.040001
212429310.480002 212520542.400001
213159165.840002 213250397.760002
213889021.200002 213980253.120002
214618876.560002 214710108.480002
215348731.920002 215395200.000000
223377140.880002 223468372.800002
224106996.240002 224198228.160002
224836851.600002 224928083.520002
225566706.960002 225657938.880002
226296562.320002 226387794.240002
227026417.680002 227117649.600002
227756273.040002 227847504.960002
228486128.400002 228577360.320002
229215983.760002 229307215.680002
229945839.120002 230037071.040002
240893669.520002 240984901.440002
241623524.880002 241714756.800002
242353380.240002 242444612.160002
243083235.600002 243174467.520002
243813090.960002 243904322.880002
244542946.320002 244634178.240002
245272801.680002 245364033.600002
246002657.040002 246093888.960002
246732512.400002 246823744.320002
254760921.360002 254852153.280002
255490776.720002 255582008.640002
256220632.080002 256311864.000002
256950487.440002 257041719.360002
257680342.800002 257771574.720002
258410198.160002 258501430.080002
259140053.520002 259231285.440002
259869908.880002 259961140.800002
260599764.240002 260690996.160002
261329619.600002 261420851.520002
262059474.960002 262150706.880002
273737160.720003 273828392.640003
274467016.080003 274558248.000003
275196871.440003 275288103.360003
275926726.800003 276017958.720003
276656582.160003 276747814.080003
277386437.520003 277477669.440003
278116292.880003 278207524.800003
323367325.200004 323458557.120004
324097180.560004 324188412.480004
324827035.920004 324918267.840004
335045010.960004 335136242.880004
335774866.320004 335866098.240004
336504721.680004 336595953.600004
337234577.040004 337325808.960004
337964432.400004 338055664.320004
338694287.760004 338785519.680004
339424143.120004 339515375.040004
340153998.480004 340245230.400004
340883853.840004 340975085.760004
341613709.200004 341625600.000000
350371973.520004 350463205.440004
351101828.880004 351193060.800004
351831684.240004 351922916.160004
352561539.600004 352652771.520004
353291394.960004 353382626.880004
354021250.320004 354112482.240004
354751105.680004 354842337.600004
355480961.040004 355572192.960004
356210816.400004 356302048.320004
370078068.240005 370169300.160005
370807923.600005 370899155.520005
371537778.960005 371629010.880005
372267634.320005 372358866.240005
372997489.680005 373075200.000000
381755754.000005 381846985.920005
382485609.360005 382576841.280005
383215464.720005 383306696.640005
383945320.080005 384036552.000005
384675175.440005 384766407.360005
385405030.800005 385496262.720005
386134886.160005 386226118.080005
386864741.520005 386955973.440005
387594596.880005 387685828.800005
398542427.280005 398633659.200005
399272282.640005 399363514.560005
400002138.000005 400093369.920005
400731993.360005 400823225.280005
401461848.720005 401553080.640005
402191704.080005 402282936.000005
402921559.440005 403012791.360005
403651414.800005 403742646.720005
404381270.160005 404472502.080005
405111125.520005 405202357.440005
413139534.480005 413230766.400005
413869389.840005 413960621.760005
414599245.200005 414690477.120005
415329100.560005 415420332.480006
416058955.920006 416150187.840006
416788811.280006 416880043.200006
417518666.640006 417609898.560006
418248522.000006 418339753.920006
418978377.360006 419069609.280006
419708232.720006 419799464.640006
429926207.760006 430017439.680006
430656063.120006 430747295.040006
431385918.480006 431477150.400006
432115773.840006 432207005.760006
432845629.200006 432936861.120006
433575484.560006 433666716.480006
434305339.920006 434396571.840006
435035195.280006 435126427.200006
435765050.640006 435856282.560006
