115449779.520000 115541011.440000
119828911.680000 119920143.600000
131506597.440000 131597829.360000
132236452.800000 132327684.720000
132966308.160000 133057540.080000
133696163.520000 133787395.440000
148293270.720000 148384502.640000
149023126.080000 149114358.000000
149752981.440000 149844213.360000
150482836.800000 150574068.720000
163620233.280001 163711465.200001
164350088.640001 164441320.560001
165079944.000001 165171175.920001
166539654.720001 166630886.640001
177487485.120001 177578717.040001
178217340.480001 178308572.400001
178947195.840001 179038427.760001
180406906.560001 180498138.480001
181136761.920001 181227993.840001
181866617.280001 181957849.200001
182596472.640001 182687704.560001
192084592.320001 192175824.240001
192814447.680001 192905679.600001
193544303.040001 193635534.960001
194274158.400001 194365390.320001
195004013.760001 195095245.680001
195733869.120001 195825101.040001
196463724.480001 196554956.400001
197193579.840001 197284811.760001
208871265.600001 208962497.520001
209601120.960001 209692352.880001
210330976.320001 210422208.240001
211060831.680001 211152063.600001
211790687.040002 211881918.960001
212520542.400002 212611774.320002
213250397.760002 213341629.680002
213980253.120002 214071485.040002
214710108.480002 214801340.400002
223468372.800002 223559604.720002
224198228.160002 224289460.080002
224928083.520002 225019315.440002
225657938.880002 225749170.800002
226387794.240002 226479026.160002
227117649.600002 227208881.520002
227847504.960002 227938736.880002
228577360.320002 228668592.240002
229307215.680002 229398447.600002
230037071.040002 230128302.960002
240255046.080002 240346278.000002
240984901.440002 241076133.360002
241714756.800002 241805988.720002
242444612.160002 242535844.080002
243174467.520002 243265699.440002
243904322.880002 243995554.800002
244634178.240002 244725410.160002
245364033.600002 245455265.520002
246093888.960002 246185120.880002
246823744.320002 246844800.000000
254852153.280002 254943385.200002
255582008.640002 255673240.560002
256311864.000002 256403095.920002
257041719.360002 257132951.280002
257771574.720002 257862806.640002
258501430.080002 258592662.000002
259231285.440002 259322517.360002
259961140.800002 260052372.720002
260690996.160002 260782228.080002
261420851.520002 261512083.440002
262150706.880002 262241938.800002
273828392.640003 273919624.560003
274558248.000003 274649479.920003
275288103.360003 275379335.280003
276017958.720003 276109190.640003
276747814.080003 276839046.000003
277477669.440003 277568901.360003
278207524.800003 278294400.000000
323458557.120004 323549789.040004
324188412.480004 324279644.400004
324918267.840004 325009499.760004
335136242.880004 335227474.800004
335866098.240004 335957330.160004
336595953.600004 336687185.520004
337325808.960004 337417040.880004
338055664.320004 338146896.240004
338785519.680004 338876751.600004
339515375.040004 339606606.960004
340245230.400004 340336462.320004
340975085.760004 341066317.680004
350463205.440004 350554437.360004
351193060.800004 351284292.720004
351922916.160004 352014148.080004
352652771.520004 352744003.440004
353382626.880004 353473858.800004
354112482.240004 354203714.160004
354842337.600004 354933569.520004
355572192.960004 355663424.880004
356302048.320004 356393280.240004
370169300.160005 370260532.080005
370899155.520005 370990387.440005
371629010.880005 371720242.800005
372358866.240005 372450098.160005
381846985.920005 381938217.840005
382576841.280005 382668073.200005
383306696.640005 383397928.560005
384036552.000005 384127783.920005
384766407.360005 384857639.280005
385496262.720005 385587494.640005
386226118.080005 386317350.000005
386955973.440005 387047205.360005
387685828.800005 387777060.720005
398633659.200005 398724891.120005
399363514.560005 399454746.480005
400093369.920005 400184601.840005
400823225.280005 400914457.200005
401553080.640005 401644312.560005
402282936.000005 402374167.920005
403012791.360005 403104023.280005
403742646.720005 403833878.640005
404472502.080005 404563734.000005
405202357.440005 405216000.000000
413230766.400005 413321998.320005
413960621.760005 414051853.680005
414690477.120005 414781709.040006
415420332.480006 415511564.400006
416150187.840006 416241419.760006
416880043.200006 416971275.120006
417609898.560006 417701130.480006
418339753.920006 418430985.840006
419069609.280006 419160841.200006
419799464.640006 419890696.560006
430017439.680006 430108671.600006
430747295.040006 430838526.960006
431477150.400006 431568382.320006
432207005.760006 432298237.680006
432936861.120006 433028093.040006
433666716.480006 433757948.400006
434396571.840006 434487803.760006
435126427.200006 435217659.120006
435856282.560006 435888000.000000
