115541011.440000 115632243.360000
119920143.600000 120011375.520000
131597829.360000 131689061.280000
132327684.720000 132418916.640000
133057540.080000 133148772.000000
133787395.440000 133878627.360000
148384502.640000 148475734.560000
149114358.000000 149205589.920000
149844213.360000 149935445.280000
150574068.720000 150665300.640000
162981609.840001 163072841.760001
163711465.200001 163802697.120001
164441320.560001 164532552.480001
165171175.920001 165262407.840001
166630886.640001 166722118.560001
177578717.040001 177669948.960001
178308572.400001 178399804.320001
179038427.760001 179129659.680001
180498138.480001 180589370.400001
181227993.840001 181319225.760001
181957849.200001 182049081.120001
182687704.560001 182692800.000000
192175824.240001 192267056.160001
192905679.600001 192996911.520001
193635534.960001 193726766.880001
194365390.320001 194456622.240001
195095245.680001 195186477.600001
195825101.040001 195916332.960001
196554956.400001 196646188.320001
197284811.760001 197376043.680001
208962497.520001 209053729.440001
209692352.880001 209783584.800001
210422208.240001 210513440.160001
211152063.600001 211243295.520001
211881918.960001 211973150.880001
212611774.320002 212703006.240001
213341629.680002 213432861.600002
214071485.040002 214162716.960002
214801340.400002 214892572.320002
223559604.720002 223650836.640002
224289460.080002 224380692.000002
225019315.440002 225110547.360002
225749170.800002 225840402.720002
226479026.160002 226570258.080002
227208881.520002 227300113.440002
227938736.880002 228029968.800002
228668592.240002 228759824.160002
229398447.600002 229489679.520002
230128302.960002 230219534.880002
240346278.000002 240437509.920002
241076133.360002 241167365.280002
241805988.720002 241897220.640002
242535844.080002 242627076.000002
243265699.440002 243356931.360002
243995554.800002 244086786.720002
244725410.160002 244816642.080002
245455265.520002 245546497.440002
246185120.880002 246276352.800002
254943385.200002 255034617.120002
255673240.560002 255764472.480002
256403095.920002 256494327.840002
257132951.280002 257224183.200002
257862806.640002 257954038.560002
258592662.000002 258683893.920002
259322517.360002 259413749.280002
260052372.720002 260143604.640002
260782228.080002 260873460.000002
261512083.440002 261603315.360002
262241938.800002 262333170.720002
273919624.560003 274010856.480003
274649479.920003 274740711.840003
275379335.280003 275470567.200003
276109190.640003 276200422.560003
276839046.000003 276930277.920003
277568901.360003 277660133.280003
323549789.040004 323641020.960004
324279644.400004 324370876.320004
325009499.760004 325100731.680004
335227474.800004 335318706.720004
335957330.160004 336048562.080004
336687185.520004 336778417.440004
337417040.880004 337508272.800004
338146896.240004 338238128.160004
338876751.600004 338967983.520004
339606606.960004 339697838.880004
340336462.320004 340427694.240004
341066317.680004 341157549.600004
350554437.360004 350645669.280004
351284292.720004 351375524.640004
352014148.080004 352105380.000004
352744003.440004 352835235.360004
353473858.800004 353565090.720004
354203714.160004 354294946.080004
354933569.520004 355024801.440004
355663424.880004 355754656.800004
356393280.240004 356484512.160004
369530676.720005 369621908.640005
370260532.080005 370351764.000005
370990387.440005 371081619.360005
371720242.800005 371811474.720005
372450098.160005 372541330.080005
381938217.840005 382029449.760005
382668073.200005 382759305.120005
383397928.560005 383489160.480005
384127783.920005 384219015.840005
384857639.280005 384948871.200005
385587494.640005 385678726.560005
386317350.000005 386408581.920005
387047205.360005 387138437.280005
387777060.720005 387868292.640005
397995035.760005 398086267.680005
398724891.120005 398816123.040005
399454746.480005 399545978.400005
400184601.840005 400275833.760005
400914457.200005 401005689.120005
401644312.560005 401735544.480005
402374167.920005 402465399.840005
403104023.280005 403195255.200005
403833878.640005 403925110.560005
404563734.000005 404654965.920005
413321998.320005 413413230.240005
414051853.680005 414143085.600005
414781709.040005 414872940.960005
415511564.400005 415602796.320005
416241419.760005 416332651.680005
416971275.120005 417062507.040006
417701130.480006 417792362.400006
418430985.840006 418522217.760006
419160841.200006 419252073.120006
419890696.560006 419981928.480006
430108671.600006 430199903.520006
430838526.960006 430929758.880006
431568382.320006 431659614.240006
432298237.680006 432389469.600006
433028093.040006 433119324.960006
433757948.400006 433849180.320006
434487803.760006 434579035.680006
435217659.120006 435308891.040006
