115632243.360000 115723475.280000
120011375.520000 120102607.440000
131689061.280000 131780293.200000
132418916.640000 132510148.560000
133148772.000000 133240003.920000
133878627.360000 133963200.000000
148475734.560000 148566966.480000
149205589.920000 149296821.840000
149935445.280000 150026677.200000
150665300.640000 150724800.000000
163072841.760001 163164073.680001
163802697.120001 163893929.040001
164532552.480001 164623784.400001
165262407.840001 165353639.760001
166722118.560001 166813350.480001
177669948.960001 177761180.880001
178399804.320001 178491036.240001
179129659.680001 179220891.600001
180589370.400001 180680602.320001
181319225.760001 181396800.000000
181396800.000000 181410457.680001
182049081.120001 182140313.040001
192267056.160001 192358288.080001
192996911.520001 193088143.440001
193726766.880001 193817998.800001
194456622.240001 194547854.160001
195186477.600001 195277709.520001
195916332.960001 196007564.880001
196646188.320001 196737420.240001
197376043.680001 197467275.600001
209053729.440001 209144961.360001
209783584.800001 209874816.720001
210513440.160001 210604672.080001
211243295.520001 211334527.440001
211973150.880001 212064382.800001
212703006.240001 212794238.160001
213432861.600002 213524093.520002
214162716.960002 214253948.880002
214892572.320002 214983804.240002
223650836.640002 223742068.560002
224380692.000002 224471923.920002
225110547.360002 225201779.280002
225840402.720002 225931634.640002
226570258.080002 226661490.000002
227300113.440002 227391345.360002
228029968.800002 228121200.720002
228759824.160002 228851056.080002
229489679.520002 229580911.440002
230219534.880002 230310766.800002
240437509.920002 240528741.840002
241167365.280002 241258597.200002
241897220.640002 241988452.560002
242627076.000002 242718307.920002
243356931.360002 243448163.280002
244086786.720002 244178018.640002
244816642.080002 244907874.000002
245546497.440002 245637729.360002
246276352.800002 246367584.720002
255034617.120002 255125849.040002
255764472.480002 255855704.400002
256494327.840002 256585559.760002
257224183.200002 257315415.120002
257954038.560002 258045270.480002
258683893.920002 258775125.840002
259413749.280002 259504981.200002
260143604.640002 260234836.560002
260873460.000002 260964691.920002
261603315.360002 261694547.280002
262333170.720002 262424402.640002
274010856.480003 274102088.400003
274740711.840003 274831943.760003
275470567.200003 275561799.120003
276200422.560003 276291654.480003
276930277.920003 277021509.840003
277660133.280003 277751365.200003
322911165.600004 323002397.520004
323641020.960004 323732252.880004
324370876.320004 324462108.240004
325100731.680004 325191963.600004
335318706.720004 335409938.640004
336048562.080004 336139794.000004
336778417.440004 336869649.360004
337508272.800004 337599504.720004
338238128.160004 338329360.080004
338967983.520004 339059215.440004
339697838.880004 339789070.800004
340427694.240004 340518926.160004
341157549.600004 341248781.520004
350645669.280004 350736901.200004
351375524.640004 351466756.560004
352105380.000004 352196611.920004
352835235.360004 352926467.280004
353565090.720004 353656322.640004
354294946.080004 354386178.000004
355024801.440004 355116033.360004
355754656.800004 355845888.720004
356484512.160004 356575744.080004
369621908.640005 369713140.560005
370351764.000005 370442995.920005
371081619.360005 371172851.280005
371811474.720005 371902706.640005
372541330.080005 372632562.000005
382029449.760005 382120681.680005
382759305.120005 382850537.040005
383489160.480005 383580392.400005
384219015.840005 384310247.760005
384948871.200005 385040103.120005
385678726.560005 385769958.480005
386408581.920005 386499813.840005
387138437.280005 387229669.200005
387868292.640005 387959524.560005
398086267.680005 398177499.600005
398816123.040005 398907354.960005
399545978.400005 399637210.320005
400275833.760005 400367065.680005
401005689.120005 401096921.040005
401735544.480005 401826776.400005
402465399.840005 402556631.760005
403195255.200005 403286487.120005
403925110.560005 404016342.480005
404654965.920005 404746197.840005
413413230.240005 413504462.160005
414143085.600005 414234317.520005
414872940.960005 414964172.880005
415602796.320005 415694028.240005
416332651.680005 416423883.600006
417062507.040006 417153738.960006
417792362.400006 417883594.320006
418522217.760006 418613449.680006
419252073.120006 419343305.040006
419981928.480006 420073160.400006
430199903.520006 430291135.440006
430929758.880006 431020990.800006
431659614.240006 431750846.160006
432389469.600006 432480701.520006
433119324.960006 433210556.880006
433849180.320006 433940412.240006
434579035.680006 434670267.600006
435308891.040006 435400122.960006
