114993619.920000 115084851.840000
115723475.280000 115732800.000000
119372752.080000 119463984.000000
120102607.440000 120139200.000000
131780293.200000 131871525.120000
132510148.560000 132601380.480000
133240003.920000 133331235.840000
148566966.480000 148658198.400000
149296821.840000 149388053.760000
150026677.200000 150117909.120000
163164073.680001 163255305.600001
163893929.040001 163985160.960001
164623784.400001 164715016.320001
165353639.760001 165444871.680001
166813350.480001 166881600.000000
177761180.880001 177852412.800001
178491036.240001 178582268.160001
179220891.600001 179312123.520001
180680602.320001 180771834.240001
181410457.680001 181501689.600001
182140313.040001 182231544.960001
192358288.080001 192449520.000001
193088143.440001 193179375.360001
193817998.800001 193909230.720001
194547854.160001 194639086.080001
195277709.520001 195368941.440001
196007564.880001 196098796.800001
196737420.240001 196828652.160001
197467275.600001 197558507.520001
209144961.360001 209236193.280001
209874816.720001 209966048.640001
210604672.080001 210695904.000001
211334527.440001 211425759.360001
212064382.800002 212155614.720001
212794238.160002 212885470.080002
213524093.520002 213615325.440002
214253948.880002 214345180.800002
214983804.240002 215075036.160002
223742068.560002 223833300.480002
224471923.920002 224563155.840002
225201779.280002 225293011.200002
225931634.640002 226022866.560002
226661490.000002 226752721.920002
227391345.360002 227482577.280002
228121200.720002 228212432.640002
228851056.080002 228942288.000002
229580911.440002 229672143.360002
230310766.800002 230401998.720002
240528741.840002 240619973.760002
241258597.200002 241349829.120002
241988452.560002 242079684.480002
242718307.920002 242809539.840002
243448163.280002 243539395.200002
244178018.640002 244269250.560002
244907874.000002 244999105.920002
245637729.360002 245728961.280002
246367584.720002 246458816.640002
255125849.040002 255217080.960002
255855704.400002 255946936.320002
256585559.760002 256676791.680002
257315415.120002 257406647.040002
258045270.480002 258136502.400002
258775125.840002 258866357.760002
259504981.200002 259596213.120002
260234836.560002 260326068.480002
260964691.920002 261055923.840002
261694547.280002 261785779.200002
262424402.640002 262515634.560002
274102088.400003 274193320.320003
274831943.760003 274923175.680003
275561799.120003 275653031.040003
276291654.480003 276382886.400003
277021509.840003 277112741.760003
277751365.200003 277842597.120003
323002397.520004 323093629.440004
323732252.880004 323823484.800004
324462108.240004 324553340.160004
325191963.600004 325283195.520004
335409938.640004 335501170.560004
336139794.000004 336231025.920004
336869649.360004 336960881.280004
337599504.720004 337690736.640004
338329360.080004 338420592.000004
339059215.440004 339150447.360004
339789070.800004 339880302.720004
340518926.160004 340610158.080004
341248781.520004 341340013.440004
350736901.200004 350828133.120004
351466756.560004 351557988.480004
352196611.920004 352287843.840004
352926467.280004 353017699.200004
353656322.640004 353747554.560004
354386178.000004 354477409.920004
355116033.360004 355207265.280004
355845888.720004 355937120.640004
356575744.080004 356666976.000004
369713140.560005 369804372.480005
370442995.920005 370534227.840005
371172851.280005 371264083.200005
371902706.640005 371993938.560005
372632562.000005 372723793.920005
382120681.680005 382211913.600005
382850537.040005 382941768.960005
383580392.400005 383671624.320005
384310247.760005 384401479.680005
385040103.120005 385131335.040005
385769958.480005 385861190.400005
386499813.840005 386591045.760005
387229669.200005 387320901.120005
387959524.560005 388050756.480005
398177499.600005 398268731.520005
398907354.960005 398998586.880005
399637210.320005 399728442.240005
400367065.680005 400458297.600005
401096921.040005 401188152.960005
401826776.400005 401918008.320005
402556631.760005 402647863.680005
403286487.120005 403377719.040005
404016342.480005 404107574.400005
404746197.840005 404837429.760005
413504462.160005 413595694.080005
414234317.520005 414325549.440005
414964172.880005 415055404.800005
415694028.240005 415785260.160006
416423883.600006 416515115.520006
417153738.960006 417244970.880006
417883594.320006 417974826.240006
418613449.680006 418704681.600006
419343305.040006 419434536.960006
420073160.400006 420163200.000000
430291135.440006 430382367.360006
431020990.800006 431112222.720006
431750846.160006 431842078.080006
432480701.520006 432571933.440006
433210556.880006 433301788.800006
433940412.240006 434031644.160006
434670267.600006 434761499.520006
435400122.960006 435491354.880006
