107092735.	107135934	263.72	-2.48
107135935	107179134	263.72	-2.48
107179135	107222334	264.04	-1.92
107222335	107265534	264.04	-1.92
107265535	107308734	264.35	-1.40
107308735	107351934	264.35	-1.40
107351935	107395134	264.69	-0.87
107395135	107438334	264.69	-0.87
107438335	107481534	265.03	-0.38
107481535	107524734	265.03	-0.38
107524735	107567934	265.36	0.12
107567935	107611134	265.36	0.12
107611135	107654334	265.74	0.67
107654335	107697534	265.74	0.67
107697535	107740734	266.12	1.19
107740735	107783934	266.12	1.19
107783935	107827134	266.51	1.70
107827135	107870334	266.51	1.70
107870335	107913534	266.88	2.17
107913535	107999934	266.88	2.17
107999935	108043134	251.05	51.36
108043135	108086334	251.05	51.36
108086335	108129534	251.69	51.69
108129535	108172734	252.12	51.92
108172735	108215934	252.69	52.25
108215935	108259134	253.30	52.61
108259135	108302334	254.05	53.01
108302335	108345534	254.67	53.34
108345535	108388734	255.34	53.69
108388735	108431934	255.99	54.02
108431935	108475134	256.67	54.35
108475135	108518334	257.36	54.70
108518335	108561534	258.07	55.02
108561535	108604734	258.76	55.34
108604735	108647934	259.49	55.65
108647935	108691134	260.25	55.98
108691135	108734334	261.00	56.29
108734335	108777534	261.71	56.58
108777535	108820734	261.90	56.68
108820735	108863934	262.78	57.14
108863935	108907134	262.78	57.14
108907135	108950334	264.50	57.57
108950335	109252734	264.50	57.57
109252735	109295934	272.12	59.95
109295935	109339134	272.12	59.95
109339135	109382334	273.92	60.40
109382335	109425534	273.92	60.40
109425535	109468734	276.40	60.97
109468735	109511934	276.40	60.97
109511935	109555134	277.82	61.24
109555135	109598334	277.82	61.24
109598335	109641534	279.85	61.62
109641535	109684734	279.85	61.62
109684735	109727934	281.90	61.96
109727935	109771134	281.90	61.96
109771135	109814334	284.13	62.30
109814335	109857534	284.13	62.30
109857535	109900734	286.20	62.57
109900735	109943934	286.20	62.57
109943935	109987134	287.85	62.74
109987135	110030334	287.85	62.74
110030335	110073534	290.89	63.07
110073535	110116734	290.89	63.07
110116735	110159934	280.72	5.42
110159935	110203134	280.72	5.42
110203135	110246334	281.29	5.73
110246335	110289534	281.29	5.73
110289535	110332734	281.82	6.00
110332735	111067134	281.82	6.00
111067135	111110334	309.61	55.83
111110335	111153534	309.61	55.83
111153535	111196734	311.28	55.70
111196735	111239934	311.28	55.70
111239935	111283134	313.08	55.54
111283135	111326334	313.08	55.54
111326335	111369534	314.84	55.36
111369535	111412734	314.84	55.36
111412735	111455934	287.04	-1.62
111455935	111499134	287.04	-1.62
111499135	111542334	287.59	-1.46
111542335	111585534	287.59	-1.46
111585535	111628734	288.18	-1.28
111628735	111671934	288.18	-1.28
111671935	111715134	288.76	-1.10
111715135	111758334	288.76	-1.10
111758335	111801534	289.35	-0.95
111801535	111844734	289.35	-0.95
111844735	111887934	289.95	-0.81
111887935	111931134	289.95	-0.81
111931135	111974334	290.55	-0.67
111974335	112017534	290.55	-0.67
112017535	112060734	291.15	-0.57
112060735	112103934	291.15	-0.57
112103935	112147134	291.76	-0.47
112147135	112190334	291.76	-0.47
112190335	112233534	292.37	-0.36
112233535	112276734	292.37	-0.36
112276735	112319934	293.04	-0.30
112319935	112363134	293.04	-0.30
112363135	112406334	128.39	-25.92
112406335	112449534	128.39	-25.92
112449535	112492734	129.34	-25.76
112492735	112535934	129.34	-25.76
112535935	112579134	130.33	-25.59
112579135	112622334	130.33	-25.59
112622335	112665534	129.97	-23.48
112665535	112708734	129.97	-23.48
112708735	112751934	130.91	-23.25
112751935	112795134	130.91	-23.25
112795135	112838334	131.86	-23.04
112838335	112881534	131.86	-23.04
112881535	112924734	290.05	-11.76
112924735	112967934	290.05	-11.76
112967935	113011134	290.52	-11.69
113011135	113054334	290.52	-11.69
113054335	113097534	157.82	-43.33
113097535	113140734	157.82	-43.33
113140735	113183934	296.81	-4.11
113183935	113227134	296.81	-4.11
113227135	113270334	297.11	-4.13
113270335	113399934	297.11	-4.13
113399935	113443134	298.62	-4.34
113443135	113486334	298.62	-4.34
113486335	113529534	299.12	-4.42
113529535	113572734	299.12	-4.42
113572735	113615934	299.69	-4.53
113615935	113659134	299.69	-4.53
113659135	113702334	300.28	-4.67
113702335	113745534	300.28	-4.67
113745535	113788734	300.85	-4.81
113788735	113831934	300.85	-4.81
113831935	113875134	301.44	-4.96
113875135	113918334	301.44	-4.96
113918335	113961534	301.99	-5.12
113961535	114004734	301.99	-5.12
114004735	114047934	165.77	-34.74
114047935	114091134	165.77	-34.74
114091135	114134334	304.64	-3.94
114134335	114177534	304.64	-3.94
114177535	114220734	305.21	-4.15
114220735	114263934	305.21	-4.15
114263935	114307134	305.78	-4.39
114307135	114350334	305.78	-4.39
114350335	114393534	306.37	-4.65
114393535	114436734	306.37	-4.65
114436735	114479934	306.95	-4.93
114479935	114523134	306.95	-4.93
114523135	114566334	307.49	-5.19
114566335	114609534	307.49	-5.19
114609535	114652734	308.06	-5.50
114652735	114695934	308.06	-5.50
114695935	114739134	308.59	-5.79
114739135	114782334	308.59	-5.79
114782335	114825534	309.15	-6.12
114825535	114868734	309.15	-6.12
114868735	114911934	171.85	-26.67
114911935	114955134	171.85	-26.67
114955135	114998334	313.72	-3.89
114998335	115041534	313.72	-3.89
115041535	115084734	314.27	-4.26
115084735	115127934	314.27	-4.26
115127935	115171134	314.83	-4.67
115171135	115214334	314.83	-4.67
115214335	115257534	315.38	-5.09
115257535	115300734	315.38	-5.09
115300735	115343934	335.15	9.42
115343935	115387134	335.15	9.42
115387135	115430334	335.81	8.82
115430335	115473534	335.81	8.82
115473535	115516734	336.47	8.19
115516735	115559934	336.47	8.19
115559935	115603134	337.13	7.54
115603135	115646334	337.13	7.54
115646335	115689534	337.75	6.90
115689535	115732734	337.75	6.90
115732735	115775934	191.54	-25.56
115775935	115819134	191.54	-25.56
115819135	115862334	177.78	-17.55
115862335	115905534	177.78	-17.55
115905535	115948734	165.27	-8.69
115948735	115991934	165.27	-8.69
115991935	116035134	135.34	12.24
116035135	116078334	135.34	12.24
116078335	116121534	135.74	12.71
116121535	116164734	135.74	12.71
116164735	116207934	136.16	13.20
116207935	116251134	136.16	13.20
116251135	116294334	136.57	13.69
116294335	116337534	136.57	13.69
116337535	116380734	136.97	14.19
116380735	116423934	136.97	14.19
116423935	116467134	137.36	14.71
116467135	116510334	137.36	14.71
116510335	116553534	137.77	15.31
116553535	116596734	137.77	15.31
116596735	116639934	138.11	15.74
116639935	116683134	138.11	15.74
116683135	116726334	182.68	-9.12
116726335	116769534	182.68	-9.12
116769535	116812734	151.45	10.35
116812735	116855934	151.45	10.35
116855935	116899134	151.85	10.99
116899135	116942334	151.85	10.99
116942335	116985534	226.97	-25.51
116985535	117028734	226.97	-25.51
117028735	117071934	188.97	-8.30
117071935	117115134	188.97	-8.30
117115135	117158334	185.10	-4.95
117158335	117201534	185.10	-4.95
117201535	117244734	181.30	-1.50
117244735	117287934	181.30	-1.50
117287935	117331134	173.12	4.28
117331135	117374334	173.12	4.28
117374335	117417534	164.71	9.96
117417535	117460734	164.71	9.96
117460735	117503934	156.00	15.29
117503935	117547134	156.00	15.29
117547135	117590334	146.75	20.08
117590335	117633534	146.75	20.08
117633535	117676734	187.98	0.23
117676735	117719934	187.98	0.23
117719935	117763134	201.51	-6.36
117763135	117806334	201.51	-6.36
117806335	117849534	210.74	-10.45
117849535	117892734	210.74	-10.45
117892735	117935934	220.25	-14.26
117935935	117979134	220.25	-14.26
117979135	118022334	189.99	3.64
118022335	118065534	189.99	3.64
118065535	118108734	190.43	4.47
118108735	118151934	190.43	4.47
118151935	118195134	190.88	5.34
118195135	118238334	190.88	5.34
118238335	118281534	191.34	6.21
118281535	118324734	191.34	6.21
118324735	118367934	191.94	6.99
118367935	118411134	191.94	6.99
118411135	118454334	179.06	15.17
118454335	118497534	179.06	15.17
118497535	118540734	205.75	1.00
118540735	118583934	205.75	1.00
118583935	118627134	193.44	9.59
118627135	118670334	193.44	9.59
118670335	118713534	193.83	10.48
118713535	118756734	193.83	10.48
118756735	118799934	194.27	11.37
118799935	118843134	194.27	11.37
118843135	118886334	194.70	12.26
118886335	118929534	194.70	12.26
118929535	118972734	195.14	13.16
118972735	119015934	195.14	13.16
119015935	119059134	195.57	14.05
119059135	119102334	195.57	14.05
119102335	119145534	196.00	14.96
119145535	119188734	196.00	14.96
119188735	119231934	196.43	15.85
119231935	119275134	196.43	15.85
119275135	119318334	197.63	16.32
119318335	119361534	197.63	16.32
119361535	119404734	19.75	-16.35
119404735	119447934	19.75	-16.35
119447935	119491134	20.14	-17.23
119491135	119534334	20.14	-17.23
119534335	119577534	20.58	-18.14
119577535	119620734	20.58	-18.14
119620735	119663934	21.01	-19.05
119663935	119707134	21.01	-19.05
119707135	119750334	21.44	-19.97
119750335	119793534	21.44	-19.97
119793535	119836734	21.88	-20.88
119836735	119879934	21.88	-20.88
119879935	119923134	22.32	-21.80
119923135	119966334	22.32	-21.80
119966335	120009534	22.75	-22.72
120009535	120052734	22.75	-22.72
120052735	120095934	23.19	-23.63
120095935	120139134	23.19	-23.63
120139135	120182334	203.46	24.72
120182335	120225534	203.46	24.72
120225535	120297599	25.50	-24.55
120297600	120355134	143.04	42.19
120355135	120398334	142.88	42.50
120398335	120441534	142.74	42.77
120441535	120484734	142.56	43.08
120484735	120527934	142.39	43.38
120527935	120571134	142.20	43.68
120571135	120614334	142.01	43.98
120614335	120657534	141.81	44.28
120657535	120700734	141.61	44.58
120700735	120743934	141.58	44.63
120743935	120787134	141.11	45.25
120787135	120830334	141.11	45.25
120830335	120873534	140.65	45.83
120873535	120916734	140.65	45.83
120916735	120959934	140.16	46.37
120959935	121003134	140.16	46.37
121003135	121046334	210.22	32.64
121046335	121089534	210.22	32.64
121089535	121132734	69.90	3.97
121132735	121175934	69.90	3.97
121175935	121219134	70.15	3.45
121219135	121262334	70.15	3.45
121262335	121305534	70.43	2.85
121305535	121348734	70.43	2.85
121348735	121391934	70.72	2.27
121391935	121435134	70.72	2.27
121435135	121478334	71.03	1.67
121478335	121521534	71.03	1.67
121521535	121564734	71.33	1.09
121564735	121607934	71.33	1.09
121607935	121651134	71.64	0.49
121651135	121694334	71.64	0.49
121694335	121737534	71.96	-0.08
121737535	121780734	71.96	-0.08
121780735	121823934	72.32	-0.74
121823935	121867134	72.32	-0.74
121867135	121910334	72.64	-1.32
121910335	121953534	72.64	-1.32
121953535	121996734	72.97	-1.90
121996735	122039934	72.97	-1.90
122039935	122083134	73.34	-2.53
122083135	122126334	73.34	-2.53
122126335	122169534	73.72	-3.15
122169535	122212734	73.72	-3.15
122212735	122255934	74.10	-3.76
122255935	122299134	74.10	-3.76
122299135	122342334	74.49	-4.38
122342335	122385534	74.49	-4.38
122385535	122428734	74.89	-5.00
122428735	122471934	74.89	-5.00
122471935	122515134	75.30	-5.62
122515135	122558334	75.30	-5.62
122558335	122601534	75.72	-6.24
122601535	122644734	75.72	-6.24
122644735	122687934	76.17	-6.88
122687935	122731134	76.17	-6.88
122731135	122774334	76.60	-7.48
122774335	122817534	76.60	-7.48
122817535	122860734	77.04	-8.09
122860735	122903934	77.04	-8.09
122903935	122947134	77.52	-8.72
122947135	122990334	77.52	-8.72
122990335	123033534	78.00	-9.34
123033535	123076734	78.00	-9.34
123076735	123119934	78.50	-9.96
123119935	123163134	78.50	-9.96
123163135	123206334	79.00	-10.58
123206335	123249534	79.00	-10.58
123249535	123292734	79.29	-10.92
123292735	123335934	79.29	-10.92
123335935	123379134	80.07	-11.80
123379135	123422334	80.07	-11.80
123422335	123465534	80.59	-12.42
123465535	123508734	80.59	-12.42
123508735	123551934	81.16	-13.03
123551935	123595134	81.16	-13.03
123595135	123638334	89.05	9.37
123638335	123681534	89.05	9.37
123681535	123724734	89.31	8.90
123724735	123767934	89.31	8.90
123767935	123811134	89.56	8.40
123811135	123854334	89.56	8.40
123854335	123929999	89.82	7.95
123930000	123983934	85.70	-10.04
123983935	124027134	85.98	-10.32
124027135	124070334	86.24	-10.58
124070335	124113534	86.53	-10.86
124113535	124156734	86.81	-11.14
124156735	124199934	87.11	-11.42
124199935	124243134	87.40	-11.70
124243135	124286334	87.70	-11.97
124286335	124329534	88.00	-12.25
124329535	124372734	88.32	-12.52
124372735	124415934	88.63	-12.79
124415935	124459134	88.94	-13.06
124459135	124502334	89.26	-13.33
124502335	124545534	89.59	-13.60
124545535	124588734	89.92	-13.87
124588735	124631934	90.25	-14.13
124631935	124675134	90.59	-14.39
124675135	124718334	90.92	-14.65
124718335	124761534	91.26	-14.90
124761535	124804734	91.29	-14.93
124804735	124847934	92.03	-15.46
124847935	124891200	92.03	-15.46
124891201	124934334	267.31	57.34
124934335	124977534	267.31	57.34
124977535	125020734	268.99	57.85
125020735	125063934	268.99	57.85
125063935	125107134	270.87	58.40
125107135	125150334	270.87	58.40
125150335	125193534	272.77	58.92
125193535	125236734	272.77	58.92
125236735	125279934	274.71	59.39
125279935	125323134	274.71	59.39
125323135	125366334	276.91	59.87
125366335	125409534	276.91	59.87
125409535	125452734	278.42	60.20
125452735	125495934	278.42	60.20
125495935	125539134	280.98	60.67
125539135	125582334	280.98	60.67
125582335	125625534	283.05	61.01
125625535	125668734	283.05	61.01
125668735	125711934	285.25	61.33
125711935	125755134	285.25	61.33
125755135	125798334	287.49	61.61
125798335	125841534	287.49	61.61
125841535	125884734	289.78	61.85
125884735	125927934	289.78	61.85
125927935	125971134	292.10	62.05
125971135	126014334	292.10	62.05
126014335	126057534	294.44	62.22
126057535	126100734	294.44	62.22
126100735	126143934	296.17	62.32
126143935	126187134	296.17	62.32
126187135	126230334	296.17	62.32
126230335	126273534	296.17	62.32
126273535	126316734	296.17	62.32
126316735	126359934	296.17	62.32
126359935	126403134	303.68	62.47
126403135	126446334	303.68	62.47
126446335	126489534	306.38	62.40
126489535	126532734	306.38	62.40
126532735	126575934	308.70	62.36
126575935	126619134	308.70	62.36
126619135	126662334	311.05	62.24
126662335	126705534	311.05	62.24
126705535	126748734	313.36	62.08
126748735	126791934	313.36	62.08
126791935	126835134	315.62	61.89
126835135	126878334	315.62	61.89
126878335	126921534	283.98	-6.46
126921535	126964734	283.98	-6.46
126964735	127007934	284.48	-6.20
127007935	127051134	284.48	-6.20
127051135	127094334	285.02	-5.94
127094335	127137534	285.02	-5.94
127137535	127180734	285.56	-5.69
127180735	127223934	285.56	-5.69
127223935	127267134	286.11	-5.46
127267135	127310334	286.11	-5.46
127310335	127353534	286.68	-5.25
127353535	127396734	286.68	-5.25
127396735	127439934	287.24	-5.04
127439935	127483134	287.24	-5.04
127483135	127526334	287.67	-4.90
127526335	127569534	287.67	-4.90
127569535	127612734	288.47	-4.66
127612735	127655934	288.47	-4.66
127655935	127699134	288.99	-4.53
127699135	127742334	288.99	-4.53
127742335	127785534	289.57	-4.38
127785535	127828734	289.57	-4.38
127828735	127871934	290.19	-4.26
127871935	127915134	290.19	-4.26
127915135	127958334	290.48	-4.17
127958335	128001534	290.48	-4.17
128001535	128044734	291.42	-3.99
128044735	128087934	291.42	-3.99
128087935	128131134	292.10	-3.99
128131135	128174334	292.10	-3.99
128174335	128217534	292.61	-3.90
128217535	128260734	292.61	-3.90
128260735	128303934	292.88	-3.84
128303935	128347134	292.88	-3.84
128347135	128390334	293.89	-3.83
128390335	128433534	293.89	-3.83
128433535	128476734	294.48	-3.81
128476735	128519934	294.48	-3.81
128519935	128563134	295.08	-3.81
128563135	128779134	295.08	-3.81
128779135	128822334	296.82	-3.87
128822335	128865534	296.82	-3.87
128865535	128995134	240.49	-49.89
128995135	129038334	240.49	-49.89
129038335	129081534	240.56	-49.28
129081535	129124734	240.56	-49.28
129124735	129167934	240.65	-48.66
129167935	129211134	240.65	-48.66
129211135	129254334	240.75	-48.06
129254335	129297534	240.75	-48.06
129297535	129340734	240.93	-47.44
129340735	129383934	240.93	-47.44
129383935	129427134	240.96	-46.82
129427135	129470334	240.96	-46.82
129470335	129513534	241.06	-46.24
129513535	129556734	241.06	-46.24
129556735	129632399	241.17	-45.70
129632400	129686334	77.44	40.22
129686335	129729534	77.49	40.02
129729535	129772734	77.53	39.85
129772735	129815934	77.58	39.65
129815935	129859134	77.62	39.46
129859135	129902334	77.62	39.43
129902335	129945534	237.68	-44.01
129945535	129988734	237.68	-44.01
129988735	130031934	237.81	-43.47
130031935	130075134	237.81	-43.47
130075135	130118334	303.19	-9.24
130118335	130161534	303.19	-9.24
130161535	130204734	303.70	-9.49
130204735	130247934	303.70	-9.49
130247935	130291134	304.22	-9.75
130291135	130334334	304.22	-9.75
130334335	130377534	304.74	-10.03
130377535	130420734	304.74	-10.03
130420735	130463934	305.25	-10.32
130463935	130507134	305.25	-10.32
130507135	130550334	305.76	-10.63
130550335	130593534	305.76	-10.63
130593535	130636734	306.26	-10.95
130636735	130679934	306.26	-10.95
130679935	130723134	306.75	-11.28
130723135	130766334	306.75	-11.28
130766335	130809534	307.24	-11.63
130809535	130852734	307.24	-11.63
130852735	130895934	307.71	-11.98
130895935	130939134	307.71	-11.98
130939135	130982334	308.18	-12.34
130982335	131025534	308.18	-12.34
131025535	131068734	308.64	-12.72
131068735	131111934	308.64	-12.72
131111935	131155134	309.09	-13.11
131155135	131198334	309.09	-13.11
131198335	131241534	309.54	-13.51
131241535	131284734	309.54	-13.51
131284735	131327934	309.96	-13.91
131327935	131371134	309.96	-13.91
131371135	131414334	310.38	-14.33
131414335	131457534	310.38	-14.33
131457535	131500734	332.68	-0.61
131500735	131543934	332.68	-0.61
131543935	131587134	333.26	-1.27
131587135	131630334	333.26	-1.27
131630335	131673534	333.52	-1.69
131673535	131716734	333.52	-1.69
131716735	131759934	334.47	-2.72
131759935	131803134	334.47	-2.72
131803135	131846334	334.94	-3.31
131846335	131889534	334.94	-3.31
131889535	131932734	335.48	-4.01
131932735	131975934	335.48	-4.01
131975935	132019134	336.01	-4.72
132019135	132062334	336.01	-4.72
132062335	132105534	336.53	-5.42
132105535	132148734	336.53	-5.42
132148735	132191934	337.04	-6.15
132191935	132235134	337.04	-6.15
132235135	132278334	337.54	-6.88
132278335	132321534	337.54	-6.88
132321535	132364734	338.04	-7.62
132364735	132407934	338.04	-7.62
132407935	132451134	338.51	-8.35
132451135	132494334	338.51	-8.35
132494335	132537534	338.98	-9.10
132537535	132580734	338.98	-9.10
132580735	132623934	339.44	-9.85
132623935	132667134	339.44	-9.85
132667135	132710334	339.88	-10.60
132710335	132753534	339.88	-10.60
132753535	132796734	15.76	-0.21
132796735	132839934	15.76	-0.21
132839935	132883134	1.06	-1.04
132883135	132926334	1.06	-1.04
132926335	132969534	1.47	-1.89
132969535	133012734	1.47	-1.89
133012735	133055934	1.96	-2.75
133055935	133099134	1.96	-2.75
133099135	133142334	2.35	-3.44
133142335	133185534	2.35	-3.44
133185535	133228734	2.93	-4.48
133228735	133271934	2.93	-4.48
133271935	133315134	3.44	-5.40
133315135	133358334	3.44	-5.40
133358335	133487934	4.28	-7.01
133487935	133531134	4.28	-7.01
133531135	133574334	4.80	-8.00
133574335	133617534	4.80	-8.00
133617535	133660734	5.25	-8.85
133660735	133703934	5.25	-8.85
133703935	133747134	5.69	-9.73
133747135	133790334	5.69	-9.73
133790335	133833534	6.13	-10.61
133833535	133876734	6.13	-10.61
133876735	133919934	6.56	-11.48
133919935	133963134	6.56	-11.48
133963135	134006334	193.10	9.06
134006335	134049534	193.10	9.06
134049535	134092734	193.37	9.60
134092735	134135934	193.37	9.60
134135935	134179134	193.99	10.83
134179135	134222334	193.99	10.83
134222335	134265534	194.41	11.69
134265535	134308734	194.41	11.69
134308735	134351934	194.84	12.58
134351935	134395134	194.84	12.58
134395135	134438334	195.27	13.46
134438335	134481534	195.27	13.46
134481535	134524734	189.38	17.98
134524735	134567934	189.38	17.98
134567935	134611134	189.75	18.81
134611135	134654334	189.75	18.81
134654335	134697534	183.26	22.90
134697535	134740734	183.26	22.90
134740735	134783934	197.73	16.68
134783935	134827134	197.73	16.68
134827135	134870334	198.14	17.54
134870335	134913534	198.14	17.54
134913535	134956734	53.33	5.82
134956735	134999934	53.33	5.82
134999935	135043134	53.63	5.17
135043135	135086334	53.63	5.17
135086335	135129534	53.94	4.50
135129535	135172734	53.94	4.50
135172735	135215934	54.27	3.84
135215935	135259134	54.27	3.84
135259135	135302334	54.59	3.17
135302335	135345534	54.59	3.17
135345535	135388734	54.91	2.51
135388735	135431934	54.91	2.51
135431935	135475134	55.25	1.84
135475135	135518334	55.25	1.84
135518335	135561534	55.51	1.31
135561535	135604734	55.51	1.31
135604735	135647934	55.93	0.47
135647935	135691134	55.93	0.47
135691135	135734334	56.26	-0.17
135734335	135777534	56.26	-0.17
135777535	135820734	56.61	-0.85
135820735	135863934	56.61	-0.85
135863935	135907134	56.96	-1.52
135907135	135950334	56.96	-1.52
135950335	135993534	57.32	-2.19
135993535	136036734	57.32	-2.19
136036735	136079934	57.68	-2.87
136079935	136123134	57.68	-2.87
136123135	136166334	58.04	-3.55
136166335	136209534	58.04	-3.55
136209535	136252734	58.42	-4.23
136252735	136295934	58.42	-4.23
136295935	136339134	58.80	-4.91
136339135	136382334	58.80	-4.91
136382335	136425534	59.18	-5.59
136425535	136468734	59.18	-5.59
136468735	136511934	59.58	-6.27
136511935	136555134	59.58	-6.27
136555135	136598334	59.96	-6.95
136598335	136641534	59.96	-6.95
136641535	136684734	104.41	35.42
136684735	136727934	104.41	35.42
136727935	136771134	104.08	35.37
136771135	136814334	104.08	35.37
136814335	136857534	103.72	35.32
136857535	136900734	103.72	35.32
136900735	136943934	103.36	35.25
136943935	136987134	103.36	35.25
136987135	137030334	103.01	35.17
137030335	137073534	103.01	35.17
137073535	137116734	102.65	35.08
137116735	137159934	102.65	35.08
137159935	137203134	102.30	34.97
137203135	137246334	102.30	34.97
137246335	137289534	101.95	34.86
137289535	137332734	101.95	34.86
137332735	137375934	101.62	34.74
137375935	137419134	101.62	34.74
137419135	137462334	101.24	34.58
137462335	137505534	101.24	34.58
137505535	137548734	74.34	-0.36
137548735	137591934	74.34	-0.36
137591935	137635134	74.63	-0.88
137635135	137678334	74.63	-0.88
137678335	137721534	74.97	-1.46
137721535	137764734	74.97	-1.46
137764735	137807934	75.31	-2.02
137807935	137851134	75.31	-2.02
137851135	137894334	75.66	-2.61
137894335	137937534	75.66	-2.61
137937535	137980734	76.01	-3.18
137980735	138023934	76.01	-3.18
138023935	138067134	75.40	-5.31
138067135	138110334	75.40	-5.31
138110335	138153534	76.77	-4.33
138153535	138196734	76.77	-4.33
138196735	138239934	77.15	-4.91
138239935	138283134	77.15	-4.91
138283135	138326334	77.55	-5.49
138326335	138369534	77.55	-5.49
138369535	138412734	77.96	-6.07
138412735	138455934	77.96	-6.07
138455935	138499134	78.38	-6.65
138499135	138542334	78.38	-6.65
138542335	138585534	78.80	-7.23
138585535	138628734	78.80	-7.23
138628735	138671934	79.24	-7.81
138671935	138715134	79.24	-7.81
138715135	138758334	79.70	-8.39
138758335	138801534	79.70	-8.39
138801535	138844734	80.16	-8.96
138844735	138887934	80.16	-8.96
138887935	138931134	80.63	-9.53
138931135	138974334	80.63	-9.53
138974335	139017534	81.12	-10.11
139017535	139060734	81.12	-10.11
139060735	139103934	81.62	-10.67
139103935	139147134	81.62	-10.67
139147135	139190334	82.12	-11.24
139190335	139233534	82.12	-11.24
139233535	139276734	82.50	-11.68
139276735	139319934	82.50	-11.68
139319935	139363134	83.21	-12.37
139363135	139406334	83.21	-12.37
139406335	139449534	83.73	-12.93
139449535	139492734	83.73	-12.93
139492735	139535934	84.29	-13.49
139535935	139579134	84.29	-13.49
139579135	139622334	84.87	-14.03
139622335	139665534	84.87	-14.03
139665535	139708734	85.32	-14.45
139708735	139751934	85.32	-14.45
139751935	139795134	86.12	-15.17
139795135	139838334	86.12	-15.17
139838335	139881534	86.67	-15.65
139881535	139924734	86.67	-15.65
139924735	139967934	87.29	-16.18
139967935	140011134	87.29	-16.18
140011135	140054334	87.94	-16.71
140054335	140097534	87.94	-16.71
140097535	140140734	181.68	70.06
140140735	140183934	193.94	81.32
140183935	140227134	193.12	81.77
140227135	140270334	192.29	82.22
140270335	140313534	191.21	82.67
140313535	140356734	190.14	83.11
140356735	140399934	188.69	83.54
140399935	140443134	187.23	83.97
140443135	140486334	185.28	84.40
140486335	140529534	183.33	84.82
140529535	140572734	179.26	81.83
140572735	140615934	168.95	74.26
140615935	140659134	94.10	-1.67
140659135	140702334	94.10	-1.67
140702335	140745534	94.58	-2.11
140745535	140788734	94.58	-2.11
140788735	140831934	95.07	-2.54
140831935	140875134	95.07	-2.54
140875135	140918334	95.56	-2.97
140918335	140961534	95.56	-2.97
140961535	141004734	96.08	-3.40
141004735	141047934	96.08	-3.40
141047935	141091134	96.60	-3.81
141091135	141134334	96.60	-3.81
141134335	141177534	97.15	-4.22
141177535	141220734	97.15	-4.22
141220735	141263934	97.69	-4.62
141263935	141307134	97.69	-4.62
141307135	141350334	98.25	-5.00
141350335	141393534	98.25	-5.00
141393535	141436734	98.83	-5.38
141436735	141479934	98.83	-5.38
141479935	141523134	99.40	-5.76
141523135	141566334	99.40	-5.76
141566335	141609534	100.01	-6.11
141609535	141652734	100.01	-6.11
141652735	141695934	100.62	-6.47
141695935	141739134	100.62	-6.47
141739135	141782334	101.22	-6.80
141782335	141825534	101.22	-6.80
141825535	141868734	101.86	-7.13
141868735	141911934	101.86	-7.13
141911935	141955134	283.08	10.48
141955135	141998334	283.08	10.48
141998335	142041534	283.68	10.74
142041535	142084734	283.68	10.74
142084735	142127934	284.47	11.06
142127935	142171134	284.47	11.06
142171135	142214334	285.14	11.33
142214335	142257534	285.14	11.33
142257535	142300734	285.87	11.59
142300735	142343934	285.87	11.59
142343935	142387134	286.60	11.83
142387135	142430334	286.60	11.83
142430335	142473534	287.34	12.06
142473535	142516734	287.34	12.06
142516735	142559934	288.08	12.28
142559935	142603134	288.08	12.28
142603135	142646334	288.85	12.48
142646335	142689534	288.85	12.48
142689535	142732734	289.60	12.67
142732735	142775934	289.60	12.67
142775935	142819134	290.37	12.84
142819135	142862334	290.37	12.84
142862335	142905534	291.15	13.00
142905535	142948734	291.15	13.00
142948735	142991934	291.93	13.14
142991935	143035134	291.93	13.14
143035135	143078334	292.73	13.26
143078335	143121534	292.73	13.26
143121535	143164734	293.34	13.36
143164735	143207934	293.34	13.36
143207935	143251134	294.77	13.47
143251135	143294334	294.77	13.47
143294335	143337534	295.11	13.54
143337535	143380734	295.11	13.54
143380735	143423934	295.92	13.60
143423935	143467134	295.92	13.60
143467135	143510334	296.73	13.65
143510335	143553534	296.73	13.65
143553535	143596734	297.54	13.67
143596735	143639934	297.54	13.67
143639935	143683134	298.36	13.68
143683135	143726334	298.36	13.68
143726335	143769534	299.09	13.68
143769535	143812734	299.09	13.68
143812735	143855934	300.06	13.65
143855935	143899134	300.06	13.65
143899135	143942334	300.82	13.61
143942335	143985534	300.82	13.61
143985535	144028734	301.64	13.55
144028735	144093599	301.64	13.55
144093600	144158334	129.57	-24.37
144158335	144201534	130.07	-24.28
144201535	144244734	130.51	-24.19
144244735	144287934	131.00	-24.09
144287935	144331134	131.49	-23.99
144331135	144374334	131.97	-23.87
144374335	144417534	132.46	-23.76
144417535	144460734	132.94	-23.64
144460735	144503934	133.42	-23.52
144503935	144547134	133.78	-23.42
144547135	144590334	134.25	-23.29
144590335	144633534	135.08	-23.05
144633535	144676734	135.08	-23.05
144676735	144719934	136.02	-22.76
144719935	144763134	136.02	-22.76
144763135	144806334	136.95	-22.46
144806335	144849534	136.95	-22.46
144849535	144892734	137.88	-22.13
144892735	144935934	137.88	-22.13
144935935	144979134	138.79	-21.79
144979135	145022334	138.79	-21.79
145022335	145065534	139.71	-21.43
145065535	145108734	139.71	-21.43
145108735	145151934	140.60	-21.06
145151935	145195134	140.60	-21.06
145195135	145238334	141.49	-20.68
145238335	145281534	141.49	-20.68
145281535	145324734	142.38	-20.27
145324735	145367934	142.38	-20.27
145367935	145411134	143.25	-19.86
145411135	145454334	143.25	-19.86
145454335	145497534	144.11	-19.42
145497535	145540734	144.11	-19.42
145540735	145583934	144.96	-18.98
145583935	145627134	144.96	-18.98
145627135	145670334	145.80	-18.52
145670335	145713534	145.80	-18.52
145713535	145756734	146.63	-18.04
145756735	145799934	146.63	-18.04
145799935	145843134	147.43	-17.56
145843135	145886334	147.43	-17.56
145886335	145929534	298.57	-12.05
145929535	145972734	298.57	-12.05
145972735	146015934	298.94	-12.15
146015935	146231934	298.94	-12.15
146231935	146275134	300.45	-12.82
146275135	146318334	300.45	-12.82
146318335	146361534	300.91	-13.03
146361535	146404734	300.91	-13.03
146404735	146447934	301.32	-13.24
146447935	146491134	301.32	-13.24
146491135	146534334	301.80	-13.49
146534335	146577534	301.80	-13.49
146577535	146620734	302.22	-13.74
146620735	146663934	302.22	-13.74
146663935	146707134	302.64	-13.99
146707135	146750334	302.64	-13.99
146750335	146793534	303.09	-14.28
146793535	146836734	303.09	-14.28
146836735	146879934	303.48	-14.55
146879935	146923134	303.48	-14.55
146923135	146966334	303.94	-14.87
146966335	147009534	303.94	-14.87
147009535	147052734	304.36	-15.20
147052735	147095934	304.36	-15.20
147095935	147139134	304.74	-15.49
147139135	147182334	304.74	-15.49
147182335	147225534	305.16	-15.84
147225535	147268734	305.16	-15.84
147268735	147311934	156.64	-5.23
147311935	147355134	156.64	-5.23
147355135	147398334	157.22	-4.61
147398335	147441534	157.22	-4.61
147441535	147484734	157.83	-3.94
147484735	147527934	157.83	-3.94
147527935	147571134	158.43	-3.27
147571135	147614334	158.43	-3.27
147614335	147657534	159.02	-2.58
147657535	147700734	159.02	-2.58
147700735	147743934	159.59	-1.89
147743935	147787134	159.59	-1.89
147787135	147830334	160.21	-1.14
147830335	147873534	160.21	-1.14
147873535	147916734	160.73	-0.47
147916735	147959934	160.73	-0.47
147959935	148003134	161.29	0.24
148003135	148046334	161.29	0.24
148046335	148089534	161.82	0.95
148089535	148132734	161.82	0.95
148132735	148175934	356.12	6.56
148175935	148219134	356.12	6.56
148219135	148262334	356.66	5.80
148262335	148305534	356.66	5.80
148305535	148348734	357.20	4.99
148348735	148391934	357.20	4.99
148391935	148435134	357.74	4.18
148435135	148478334	357.74	4.18
148478335	148521534	358.28	3.37
148521535	148564734	358.28	3.37
148564735	148607934	358.80	2.55
148607935	148651134	358.80	2.55
148651135	148694334	356.08	1.73
148694335	148737534	356.08	1.73
148737535	148780734	260.77	0.91
148780735	148823934	260.77	0.91
148823935	148867134	44.17	0.07
148867135	148910334	44.17	0.07
148910335	148953534	2.66	-0.76
148953535	148996734	2.66	-0.76
148996735	149039934	1.31	-1.57
149039935	149083134	1.31	-1.57
149083135	149126334	2.27	-2.49
149126335	149169534	2.27	-2.49
149169535	149212734	2.30	-3.29
149212735	149255934	2.30	-3.29
149255935	149299134	2.78	-4.15
149299135	149342334	2.78	-4.15
149342335	149385534	3.24	-5.00
149385535	149428734	3.24	-5.00
149428735	149471934	3.71	-5.85
149471935	149515134	3.71	-5.85
149515135	149558334	4.17	-6.72
149558335	149601534	4.17	-6.72
149601535	149644734	4.63	-7.59
149644735	149687934	4.63	-7.59
149687935	149731134	5.08	-8.46
149731135	149774334	5.08	-8.46
149774335	149817534	5.53	-9.34
149817535	149860734	5.53	-9.34
149860735	149903934	5.97	-10.22
149903935	149947134	5.97	-10.22
149947135	149990334	6.40	-11.10
149990335	150033534	6.40	-11.10
150033535	150076734	6.84	-11.98
150076735	150119934	6.84	-11.98
150119935	150163134	7.27	-12.87
150163135	150206334	7.27	-12.87
150206335	150249534	7.69	-13.76
150249535	150292734	7.69	-13.76
150292735	150335934	8.12	-14.66
150335935	150379134	8.12	-14.66
150379135	150422334	8.53	-15.56
150422335	150465534	8.53	-15.56
150465535	150508734	8.95	-16.46
150508735	150551934	8.95	-16.46
150551935	150595134	9.36	-17.37
150595135	150638334	9.36	-17.37
150638335	150681534	9.76	-18.27
150681535	150724734	9.76	-18.27
150724735	150767934	255.48	-21.70
150767935	150811134	255.48	-21.70
150811135	150854334	255.55	-21.35
150854335	150897534	255.55	-21.35
150897535	150940734	255.60	-20.99
150940735	150983934	255.60	-20.99
150983935	151027134	255.68	-20.61
151027135	151070334	255.68	-20.61
151070335	151113534	255.74	-20.23
151113535	151156734	255.74	-20.23
151156735	151199934	255.80	-19.86
151199935	151243134	255.80	-19.86
151243135	151286334	255.88	-19.49
151286335	151329534	255.88	-19.49
151329535	151372734	46.06	-3.36
151372735	151415934	46.06	-3.36
151415935	151459134	46.42	-4.06
151459135	151502334	46.42	-4.06
151502335	151545534	46.82	-4.81
151545535	151588734	46.82	-4.81
151588735	151631934	47.24	-5.60
151631935	151675134	47.24	-5.60
151675135	151718334	47.65	-6.36
151718335	151761534	47.65	-6.36
151761535	151804734	48.06	-7.11
151804735	151847934	48.06	-7.11
151847935	151891134	48.52	-7.95
151891135	151934334	48.52	-7.95
151934335	151977534	48.93	-8.68
151977535	152020734	48.93	-8.68
152020735	152063934	49.36	-9.46
152063935	152107134	49.36	-9.46
152107135	152150334	49.64	-9.95
152150335	152193534	49.64	-9.95
152193535	152236734	50.32	-11.14
152236735	152279934	50.32	-11.14
152279935	152323134	50.70	-11.79
152323135	152366334	50.70	-11.79
152366335	152409534	51.07	-12.44
152409535	152452734	51.07	-12.44
152452735	152495934	51.62	-13.36
152495935	152539134	51.62	-13.36
152539135	152582334	70.32	5.51
152582335	152625534	70.32	5.51
152625535	152668734	70.55	4.98
152668735	152711934	70.55	4.98
152711935	152755134	70.82	4.41
152755135	152798334	70.82	4.41
152798335	152841534	71.08	3.85
152841535	152884734	71.08	3.85
152884735	152927934	71.36	3.26
152927935	152971134	71.36	3.26
152971135	153014334	71.66	2.67
153014335	153057534	71.66	2.67
153057535	153100734	71.94	2.10
153100735	153143934	71.94	2.10
153143935	153187134	72.16	1.67
153187135	153230334	72.16	1.67
153230335	153273534	72.59	0.86
153273535	153316734	72.59	0.86
153316735	153359934	72.87	0.33
153359935	153403134	72.87	0.33
153403135	153446334	73.19	-0.27
153446335	153489534	73.19	-0.27
153489535	153532734	73.48	-0.77
153532735	153575934	73.48	-0.77
153575935	153619134	73.89	-1.49
153619135	153662334	73.89	-1.49
153662335	153705534	74.23	-2.07
153705535	153748734	74.23	-2.07
153748735	153791934	74.59	-2.68
153791935	153835134	74.59	-2.68
153835135	153878334	74.97	-3.29
153878335	153921534	74.97	-3.29
153921535	153964734	75.34	-3.89
153964735	154007934	75.34	-3.89
154007935	154051134	75.74	-4.50
154051135	154094334	75.74	-4.50
154094335	154137534	76.19	-5.18
154137535	154180734	76.19	-5.18
154180735	154223934	76.64	-5.83
154223935	154267134	76.64	-5.83
154267135	154310334	77.00	-6.34
154310335	154353534	77.00	-6.34
154353535	154396734	77.42	-6.95
154396735	154439934	77.42	-6.95
154439935	154483134	77.91	-7.59
154483135	154526334	77.91	-7.59
154526335	154569534	78.33	-8.18
154569535	154612734	78.33	-8.18
154612735	154655934	78.68	-8.62
154655935	154699134	78.68	-8.62
154699135	154742334	214.04	50.31
154742335	154785534	214.04	50.31
154785535	154828734	79.81	-10.02
154828735	154871934	79.81	-10.02
154871935	154915134	80.35	-10.64
154915135	154958334	80.35	-10.64
154958335	155001534	81.09	-10.90
155001535	155044734	81.09	-10.90
155044735	155087934	81.40	-11.85
155087935	155131134	81.40	-11.85
155131135	155174334	82.51	-10.81
155174335	155217534	82.51	-10.81
155217535	155260734	82.89	-11.25
155260735	155303934	82.89	-11.25
155303935	155347134	83.66	-12.05
155347135	155390334	83.66	-12.05
155390335	155433534	84.18	-12.59
155433535	155476734	84.18	-12.59
155476735	155519934	84.78	-13.17
155519935	155563134	84.78	-13.17
155563135	155606334	85.39	-13.75
155606335	155649534	85.39	-13.75
155649535	155692734	86.01	-14.32
155692735	155735934	86.01	-14.32
155735935	155779134	86.65	-14.89
155779135	155822334	86.65	-14.89
155822335	155865534	87.30	-15.45
155865535	155908734	87.30	-15.45
155908735	155951934	87.96	-16.00
155951935	155995134	87.96	-16.00
155995135	156038334	88.43	-16.38
156038335	156081534	88.43	-16.38
156081535	156124734	89.42	-17.15
156124735	156167934	89.42	-17.15
156167935	156211134	90.08	-17.62
156211135	156254334	90.08	-17.62
156254335	156297534	90.84	-18.15
156297535	156340734	90.84	-18.15
156340735	156383934	91.52	-18.64
156383935	156427134	91.52	-18.64
156427135	156470334	92.23	-19.10
156470335	156513534	92.23	-19.10
156513535	156556734	93.11	-19.67
156556735	156599934	93.11	-19.67
156599935	156643134	93.74	-20.04
156643135	156686334	93.74	-20.04
156686335	156729534	94.73	-20.62
156729535	156772734	94.73	-20.62
156772735	156815934	95.54	-21.07
156815935	156859134	95.54	-21.07
156859135	156902334	96.41	-10.99
156902335	156945534	96.41	-10.99
156945535	156988734	97.08	-11.40
156988735	157031934	97.08	-11.40
157031935	157075134	97.79	-11.82
157075135	157118334	97.79	-11.82
157118335	157161534	98.48	-12.23
157161535	157204734	98.48	-12.23
157204735	157247934	99.23	-12.64
157247935	157291134	99.23	-12.64
157291135	157334334	99.95	-13.03
157334335	157377534	99.95	-13.03
157377535	157420734	100.72	-13.41
157420735	157463934	100.72	-13.41
157463935	157507134	101.40	-13.72
157507135	157550334	101.40	-13.72
157550335	157593534	102.33	-14.15
157593535	157636734	102.33	-14.15
157636735	157679934	103.02	-14.43
157679935	157723134	103.02	-14.43
157723135	157766334	103.92	-14.80
157766335	157809534	103.92	-14.80
157809535	157852734	104.36	-14.98
157852735	157895934	104.36	-14.98
157895935	157939134	105.52	-15.37
157939135	157982334	105.52	-15.37
157982335	158025534	106.32	-15.64
158025535	158068734	106.32	-15.64
158068735	158111934	107.18	-15.89
158111935	158155134	107.18	-15.89
158155135	158198334	108.03	-16.13
158198335	158241534	108.03	-16.13
158241535	158284734	108.89	-16.35
158284735	158327934	108.89	-16.35
158327935	158371134	109.76	-16.55
158371135	158414334	109.76	-16.55
158414335	158457534	110.65	-16.74
158457535	158500734	110.65	-16.74
158500735	158543934	111.58	-16.91
158543935	158587134	111.58	-16.91
158587135	158630334	112.44	-17.06
158630335	158673534	112.44	-17.06
158673535	158716734	113.34	-17.19
158716735	158759934	113.34	-17.19
158759935	158803134	114.27	-17.30
158803135	158864999	114.27	-17.30
158868000	158932734	288.50	-0.44
158932735	158975934	288.82	-0.36
158975935	159019134	289.11	-0.28
159019135	159062334	289.44	-0.20
159062335	159105534	289.76	-0.12
159105535	159148734	290.09	-0.05
159148735	159191934	290.41	0.02
159191935	159235134	290.75	0.08
159235135	159278334	291.08	0.15
159278335	159321534	291.40	0.21
159321535	159364734	291.73	0.26
159364735	159407934	292.06	0.31
159407935	159472799	292.40	0.35
159472800	159537534	107.32	11.19
159537535	159580734	107.58	11.11
159580735	159623934	107.80	11.05
159623935	159667134	108.05	10.98
159667135	159710334	108.30	10.91
159710335	159753534	108.56	10.85
159753535	159796734	108.82	10.80
159796735	159839934	109.08	10.74
159839935	159883134	109.33	10.69
159883135	159926334	109.59	10.65
159926335	159969534	109.87	10.60
159969535	160012734	110.10	10.57
160012735	160055934	110.35	10.53
160055935	160099134	110.63	10.50
160099135	160142334	110.89	10.47
160142335	160185534	111.17	10.45
160185535	160228734	111.44	10.42
160228735	160271934	111.71	10.41
160271935	160315134	111.96	10.40
160315135	160358334	112.22	10.39
160358335	160401534	112.49	10.38
160401535	160444734	112.73	10.39
160444735	160487934	112.99	10.39
160487935	160531134	113.26	10.39
160531135	160574334	113.62	10.39
160574335	160617534	113.91	10.42
160617535	160660734	114.09	10.43
160660735	160703934	114.34	10.45
160703935	160747134	114.63	10.48
160747135	160790334	114.88	10.51
160790335	160833534	115.14	10.54
160833535	160876734	115.41	10.58
160876735	160919934	115.69	10.62
160919935	160963134	115.88	10.65
160963135	161006334	116.18	10.70
161006335	161049534	116.49	10.76
161049535	161092734	116.71	10.81
161092735	161135934	116.98	10.87
161135935	161179134	117.24	10.92
161179135	161222334	117.53	11.00
161222335	161265534	117.78	11.07
161265535	161308734	118.00	11.13
161308735	161351934	118.29	11.22
161351935	161395134	118.58	11.31
161395135	161438334	118.81	11.38
161438335	161481534	119.06	11.47
161481535	161524734	119.31	11.55
161524735	161567934	119.56	11.65
161567935	161611134	119.79	11.73
161611135	161654334	120.04	11.83
161654335	161697534	120.29	11.94
161697535	161740734	120.53	12.05
161740735	161783934	120.80	12.16
161783935	161827134	121.02	12.26
161827135	161870334	121.26	12.37
161870335	161913534	121.48	12.48
161913535	161956734	121.78	12.63
161956735	161999934	121.99	12.75
161999935	162043134	122.20	12.86
162043135	162086334	122.44	13.00
162086335	162129534	122.68	13.13
162129535	162172734	122.96	13.30
162172735	162215934	123.17	13.43
162215935	162259134	123.36	13.55
162259135	162302334	123.62	13.72
162302335	162345534	123.89	13.90
162345535	162388734	124.08	14.03
162388735	162431934	124.31	14.19
162431935	162475134	124.50	14.33
162475135	162518334	124.72	14.49
162518335	162561534	124.93	14.66
162561535	162604734	125.14	14.82
162604735	162647934	125.36	14.99
162647935	162691134	125.55	15.16
162691135	162734334	125.77	15.34
162734335	162777534	125.94	15.49
162777535	162820734	126.22	15.73
162820735	162863934	126.36	15.86
162863935	162907134	126.55	16.04
162907135	162950334	350.53	12.66
162950335	162993534	350.53	12.66
162993535	163036734	351.15	11.92
163036735	163079934	351.15	11.92
163079935	163123134	351.79	11.14
163123135	163166334	351.79	11.14
163166335	163209534	352.42	10.36
163209535	163252734	352.42	10.36
163252735	163295934	353.04	9.56
163295935	163339134	353.04	9.56
163339135	163382334	353.65	8.77
163382335	163425534	353.65	8.77
163425535	163468734	354.25	7.97
163468735	163511934	354.25	7.97
163511935	163555134	354.84	7.15
163555135	163598334	354.84	7.15
163598335	163641534	355.42	6.34
163641535	163684734	355.42	6.34
163684735	163727934	355.99	5.52
163727935	163771134	355.99	5.52
163771135	163814334	356.55	4.70
163814335	163857534	356.55	4.70
163857535	163900734	357.02	3.81
163900735	163943934	357.02	3.81
163943935	163987134	357.65	3.04
163987135	164030334	357.65	3.04
164030335	164073534	358.19	2.21
164073535	164116734	358.19	2.21
164116735	164159934	358.60	1.37
164159935	164203134	358.60	1.37
164203135	164246334	356.89	0.52
164246335	164289534	356.89	0.52
164289535	164332734	283.26	-0.31
164332735	164375934	283.26	-0.31
164375935	164419134	72.56	-1.17
164419135	164462334	72.56	-1.17
164462335	164505534	6.06	-2.02
164505535	164548734	6.06	-2.02
164548735	164591934	1.65	-2.89
164591935	164635134	1.65	-2.89
164635135	164678334	1.74	-3.74
164678335	164721534	1.74	-3.74
164721535	164764734	2.22	-4.60
164764735	164807934	2.22	-4.60
164807935	164851134	2.69	-5.47
164851135	164894334	2.69	-5.47
164894335	164937534	3.15	-6.33
164937535	164980734	3.15	-6.33
164980735	165023934	3.63	-7.21
165023935	165067134	3.63	-7.21
165067135	165110334	4.07	-8.07
165110335	165153534	4.07	-8.07
165153535	165196734	4.54	-8.98
165196735	165239934	4.54	-8.98
165239935	165283134	4.98	-9.85
165283135	165326334	4.98	-9.85
165326335	165369534	5.42	-10.73
165369535	165412734	5.42	-10.73
165412735	165455934	5.86	-11.62
165455935	165499134	5.86	-11.62
165499135	165542334	6.28	-12.50
165542335	165585534	6.28	-12.50
165585535	165628734	184.49	14.69
165628735	165671934	184.49	14.69
165671935	165715134	184.90	15.56
165715135	165758334	184.90	15.56
165758335	165801534	185.31	16.45
165801535	165844734	185.31	16.45
165844735	165887934	185.71	17.35
165887935	165931134	185.71	17.35
165931135	165974334	186.11	18.25
165974335	166017534	186.11	18.25
166017535	166060734	186.50	19.15
166060735	166103934	186.50	19.15
166103935	166147134	186.89	20.06
166147135	166190334	186.89	20.06
166190335	166233534	18.50	-14.71
166233535	166276734	18.50	-14.71
166276735	166319934	18.88	-15.58
166319935	166363134	18.88	-15.58
166363135	166406334	19.32	-16.50
166406335	166449534	19.32	-16.50
166449535	166492734	19.75	-17.39
166492735	166535934	19.75	-17.39
166535935	166579134	20.18	-18.30
166579135	166622334	20.18	-18.30
166622335	166665534	20.61	-19.19
166665535	166708734	20.61	-19.19
166708735	166751934	21.04	-20.10
166751935	166795134	21.04	-20.10
166795135	166838334	21.46	-21.01
166838335	166881534	21.46	-21.01
166881535	166924734	51.10	-0.39
166924735	166967934	51.10	-0.39
166967935	167011134	51.60	-0.96
167011135	167054334	51.60	-0.96
167054335	167097534	51.90	-1.54
167097535	167140734	51.90	-1.54
167140735	167183934	52.33	-2.38
167183935	167227134	52.33	-2.38
167227135	167270334	52.71	-3.09
167270335	167313534	52.71	-3.09
167313535	167356734	53.08	-3.78
167356735	167399934	53.08	-3.78
167399935	167443134	53.69	-4.78
167443135	167486334	53.69	-4.78
167486335	167529534	53.85	-5.21
167529535	167572734	53.85	-5.21
167572735	167615934	54.26	-5.94
167615935	167659134	54.26	-5.94
167659135	167702334	54.65	-6.65
167702335	167745534	54.65	-6.65
167745535	167788734	55.06	-7.37
167788735	167831934	55.06	-7.37
167831935	167875134	55.47	-8.08
167875135	167918334	55.47	-8.08
167918335	167961534	55.88	-8.80
167961535	168004734	55.88	-8.80
168004735	168047934	56.31	-9.52
168047935	168091134	56.31	-9.52
168091135	168134334	56.72	-10.21
168134335	168177534	56.72	-10.21
168177535	168220734	66.75	-0.05
168220735	168263934	66.75	-0.05
168263935	168307134	67.07	-0.63
168307135	168350334	67.07	-0.63
168350335	168393534	67.41	-1.24
168393535	168436734	67.41	-1.24
168436735	168479934	67.74	-1.85
168479935	168523134	67.74	-1.85
168523135	168566334	68.08	-2.46
168566335	168609534	68.08	-2.46
168609535	168652734	68.43	-3.08
168652735	168695934	68.43	-3.08
168695935	168739134	68.79	-3.69
168739135	168782334	68.79	-3.69
168782335	168825534	69.15	-4.31
168825535	168868734	69.15	-4.31
168868735	168911934	69.53	-4.93
168911935	168955134	69.53	-4.93
168955135	168998334	69.91	-5.55
168998335	169041534	69.91	-5.55
169041535	169084734	70.29	-6.16
169084735	169127934	70.29	-6.16
169127935	169171134	70.70	-6.79
169171135	169214334	70.70	-6.79
169214335	169257534	71.10	-7.41
169257535	169300734	71.10	-7.41
169300735	169343934	71.52	-8.04
169343935	169387134	71.52	-8.04
169387135	169430334	71.93	-8.64
169430335	169473534	71.93	-8.64
169473535	169516734	256.76	1.73
169516735	169559934	256.76	1.73
169559935	169603134	257.11	2.27
169603135	169646334	257.11	2.27
169646335	169689534	257.44	2.84
169689535	169732734	257.44	2.84
169732735	169775934	257.82	3.41
169775935	169819134	257.82	3.41
169819135	169862334	258.21	3.97
169862335	169905534	258.21	3.97
169905535	169948734	258.59	4.54
169948735	169991934	258.59	4.54
169991935	170035134	258.99	5.11
170035135	170078334	258.99	5.11
170078335	170121534	259.39	5.67
170121535	170164734	259.39	5.67
170164735	170207934	259.81	6.25
170207935	170251134	259.81	6.25
170251135	170294334	260.07	6.62
170294335	170359199	260.07	6.62
170359200	170423934	69.02	-33.29
170423935	170467134	69.16	-33.41
170467135	170510334	69.78	-33.96
170510335	170553534	70.46	-34.57
170553535	170596734	70.60	-34.71
170596735	170639934	70.91	-34.97
170639935	170683134	71.31	-35.32
170683135	170726334	264.11	4.99
170726335	170769534	264.11	4.99
170769535	170812734	264.53	5.51
170812735	170855934	264.53	5.51
170855935	170899134	264.98	6.05
170899135	170942334	264.98	6.05
170942335	170985534	265.44	6.58
170985535	171028734	265.44	6.58
171028735	171071934	265.91	7.12
171071935	171115134	265.91	7.12
171115135	171158334	266.38	7.62
171158335	171201534	266.38	7.62
171201535	171244734	243.51	61.66
171244735	171287934	243.51	61.66
171287935	171331134	244.86	62.41
171331135	171374334	244.86	62.41
171374335	171417534	246.33	63.20
171417535	171460734	246.33	63.20
171460735	171503934	247.88	63.97
171503935	171547134	247.88	63.97
171547135	171590334	249.51	64.72
171590335	171633534	249.51	64.72
171633535	171676734	251.23	65.46
171676735	171719934	251.23	65.46
171719935	171763134	253.03	66.18
171763135	171806334	253.03	66.18
171806335	171849534	254.93	66.88
171849535	171892734	254.93	66.88
171892735	171935934	256.93	67.56
171935935	171979134	256.93	67.56
171979135	172022334	259.04	68.21
172022335	172065534	259.04	68.21
172065535	172108734	261.25	68.85
172108735	172151934	261.25	68.85
172151935	172195134	93.43	-10.12
172195135	172238334	93.43	-10.12
172238335	172281534	93.98	-10.54
172281535	172324734	93.98	-10.54
172324735	172367934	94.59	-10.99
172367935	172411134	94.59	-10.99
172411135	172454334	95.22	-11.42
172454335	172497534	95.22	-11.42
172497535	172540734	95.86	-11.85
172540735	172583934	95.86	-11.85
172583935	172627134	96.50	-12.27
172627135	172670334	96.50	-12.27
172670335	172713534	97.17	-12.67
172713535	172756734	97.17	-12.67
172756735	172799934	97.84	-13.07
172799935	172843134	97.84	-13.07
172843135	172886334	98.53	-13.45
172886335	172929534	98.53	-13.45
172929535	172972734	99.22	-13.83
172972735	173015934	99.22	-13.83
173015935	173059134	100.47	-20.27
173059135	173102334	100.47	-20.27
173102335	173145534	101.25	-20.61
173145535	173188734	101.25	-20.61
173188735	173231934	102.09	-20.94
173231935	173275134	102.09	-20.94
173275135	173318334	102.93	-21.26
173318335	173361534	102.93	-21.26
173361535	173404734	103.79	-21.56
173404735	173447934	103.79	-21.56
173447935	173491134	104.64	-21.85
173491135	173534334	104.64	-21.85
173534335	173577534	105.53	-22.12
173577535	173620734	105.53	-22.12
173620735	173663934	106.42	-22.38
173663935	173707134	106.42	-22.38
173707135	173750334	107.31	-22.63
173750335	173793534	107.31	-22.63
173793535	173836734	108.23	-22.85
173836735	173879934	108.23	-22.85
173879935	173923134	109.13	-23.06
173923135	173966334	109.13	-23.06
173966335	174009534	110.06	-23.25
174009535	174052734	110.06	-23.25
174052735	174095934	111.13	-23.40	
174095935	174139134	111.13	-23.40	
174139135	174182334	111.93	-23.59
174182335	174225534	111.93	-23.59
174225535	174268734	112.88	-23.73
174268735	174311934	112.88	-23.73
174311935	174355134	113.83	-23.86
174355135	174398334	113.83	-23.86
174398335	174441534	114.78	-23.96
174441535	174484734	114.78	-23.96
174484735	174527934	115.74	-24.05
174527935	174571134	115.74	-24.05
174571135	174614334	116.71	-24.12
174614335	174657534	116.71	-24.12
174657535	174700734	117.65	-24.17
174700735	174743934	117.65	-24.17
174743935	174787134	106.25	6.95
174787135	174830334	106.25	6.95
174830335	174873534	106.73	6.76
174873535	174916734	106.73	6.76
174916735	174959934	107.25	6.58
174959935	175003134	107.25	6.58
175003135	175046334	107.77	6.41
175046335	175089534	107.77	6.41
175089535	175132734	108.30	6.26
175132735	175175934	108.30	6.26
175175935	175219134	108.83	6.11
175219135	175262334	108.83	6.11
175262335	175305534	109.37	5.98
175305535	175348734	109.37	5.98
175348735	175391934	109.92	5.87
175391935	175435134	109.92	5.87
175435135	175478334	110.53	5.75
175478335	175521534	110.53	5.75
175521535	175564734	111.00	5.67
175564735	175607934	111.00	5.67
175607935	175651134	111.56	5.60
175651135	175694334	111.56	5.60
175694335	175737534	112.13	5.53
175737535	175780734	112.13	5.53
175780735	175823934	112.68	5.49
175823935	175867134	112.68	5.49
175867135	175910334	113.23	5.45
175910335	175953534	113.23	5.45
175953535	175996734	113.80	5.44
175996735	176039934	113.80	5.44
176039935	176083134	114.36	5.43
176083135	176126334	114.36	5.43
176126335	176169534	114.93	5.44
176169535	176212734	114.93	5.44
176212735	176255934	115.50	5.46
176255935	176299134	115.50	5.46
176299135	176342334	116.06	5.50
176342335	176385534	116.06	5.50
176385535	176428734	116.63	5.55
176428735	176471934	116.63	5.55
176471935	176515134	117.18	5.61
176515135	176558334	117.18	5.61
176558335	176601534	117.55	5.65
176601535	176644734	117.55	5.65
176644735	176687934	118.36	5.81
176687935	176731134	118.36	5.81
176731135	176774334	118.88	5.89
176774335	176817534	118.88	5.89
176817535	176860734	119.34	6.00
176860735	176903934	119.34	6.00
176903935	176947134	120.09	6.18
176947135	176990334	120.09	6.18
176990335	177033534	120.57	6.30
177033535	177076734	120.57	6.30
177076735	177119934	121.11	6.45
177119935	177163134	121.11	6.45
177163135	177206334	308.05	0.20
177206335	177249534	308.05	0.20
177249535	177292734	308.67	-0.07
177292735	177335934	308.67	-0.07
177335935	177379134	309.32	-0.36
177379135	177422334	309.32	-0.36
177422335	177465534	309.92	-0.64
177465535	177508734	309.92	-0.64
177508735	177551934	310.54	-0.95
177551935	177595134	310.54	-0.95
177595135	177638334	311.14	-1.26
177638335	177681534	311.14	-1.26
177681535	177724734	311.76	-1.61
177724735	177767934	311.76	-1.61
177767935	177811134	312.37	-1.96
177811135	177854334	312.37	-1.96
177854335	177897534	312.99	-2.34
177897535	177940734	312.99	-2.34
177940735	177983934	313.61	-2.74
177983935	178027134	313.61	-2.74
178027135	178070334	314.15	-3.10
178070335	178113534	314.15	-3.10
178113535	178156734	314.71	-3.49
178156735	178199934	314.71	-3.49
178199935	178243134	315.28	-3.90
178243135	178286334	315.28	-3.90
178286335	178329534	315.84	-4.32
178329535	178372734	315.84	-4.32
178372735	178415934	316.40	-4.76
178415935	178459134	316.40	-4.76
178459135	178502334	316.92	-5.19
178502335	178545534	316.92	-5.19
178545535	178588734	317.49	-5.67
178588735	178631934	317.49	-5.67
178631935	178675134	318.02	-6.14
178675135	178718334	318.02	-6.14
178718335	178761534	318.53	-6.61
178761535	178804799	318.53	-6.61
178804800	179668799 	343.052 11.10
179668800	179927999	195.064 -18.309 
179928000	180187199	205.876 -20.151	
180187200	181396799	3.085 	5.333
181396800	182692799	10.108	-6.448 
182692800	999999999	  -1   -1
